>MA0010.1	br
A  [3 1 5 7 3 6 4 7 1 9 8 5 4 2 ]
C  [1 1 2 0 0 0 1 0 8 0 0 0 0 3 ]
G  [4 1 1 1 0 0 4 1 0 0 1 3 0 2 ]
T  [1 6 1 1 6 3 0 1 0 0 0 1 5 2 ]

>MA0011.1	br(var.2)
A  [ 3  5  0  0 12  1  2  1 ]
C  [ 1  2 10  1  0  1  0  2 ]
G  [ 1  1  0  0  0  2  1  1 ]
T  [ 7  4  2 11  0  8  9  8 ]

>MA0012.1	br(var.3)
A  [ 3  9 10 12  0  4 10  6  6  4  2 ]
C  [ 1  2  0  0 10  0  0  0  1  3  3 ]
G  [ 1  1  0  0  1  0  0  4  2  2  5 ]
T  [ 7  0  2  0  1  8  2  2  3  3  2 ]

>MA0013.1	br(var.4)
A  [1 4 2 1 5 6 5 1 3 5 3 ]
C  [1 0 0 0 0 0 0 3 0 0 1 ]
G  [0 0 4 0 1 0 1 1 1 0 0 ]
T  [4 2 0 5 0 0 0 1 2 1 2 ]

>MA0015.1	Cf2
A  [25  1 74  0 78  1 41  2 53 12 ]
C  [13  2  2  9  2  4  2  9  3 29 ]
G  [40  1  4  4  0  1 36  1 20 15 ]
T  [ 2 76  0 67  0 74  1 68  4 24 ]

>MA0016.1	usp
A  [ 0  1  0  0  0  0 35  5  5  6 ]
C  [ 1  0  0  0  0 36  0 25  8 10 ]
G  [37 36 38 38  0  1  3  3 22 16 ]
T  [ 0  1  0  0 38  1  0  5  3  6 ]

>MA0022.1	dl
A  [ 0  0  0  0  1  1  1  0  0  1  1  3 ]
C  [ 5  0  1  0  1  0  0  0  3  9  9  5 ]
G  [ 6 12 11 10  3  2  0  0  0  0  1  5 ]
T  [ 2  1  1  3  8 10 12 13 10  3  2  0 ]

>MA0023.1	dl(var.2)
A  [0 0 0 0 4 2 0 0 0 1 ]
C  [1 0 0 0 1 1 0 1 9 8 ]
G  [7 7 9 8 0 0 0 0 0 0 ]
T  [1 2 0 1 4 6 9 8 0 0 ]

>MA0026.1	Eip74EF
A  [ 2  5  0  0 17 17  5 ]
C  [12 12  0  0  0  0  1 ]
G  [ 2  0 17 17  0  0 10 ]
T  [ 1  0  0  0  0  0  1 ]

>MA0049.1	hb
A  [ 1  6  9  4 13 16 16 14 15  9 ]
C  [ 5  8  3  3  1  0  0  0  1  2 ]
G  [ 8  2  4  1  0  0  0  2  0  2 ]
T  [ 2  0  0  8  2  0  0  0  0  3 ]

>MA0085.1	Su(H)
A  [ 1  0  0  0  0  3  0 10 10  5  1  1  4  3  4  2 ]
C  [ 3  4  0  0  0  0  0  0  0  5  7  2  2  1  3  1 ]
G  [ 3  0 10  0 10  7 10  0  0  0  1  4  2  4  2  2 ]
T  [ 3  6  0 10  0  0  0  0  0  0  1  3  2  2  1  5 ]

>MA0086.1	sna
A  [ 0 39  3  2  0  0 ]
C  [39  0  0  0  0  0 ]
G  [ 1  0 37 38  0 38 ]
T  [ 0  1  0  0 40  2 ]

>MA0094.2	Ubx
A  [ 3  0  0 17 20  0  0 14 ]
C  [ 5  0  0  0  0  0  0  0 ]
G  [ 3  0  0  0  0  0  6  6 ]
T  [ 9 20 20  3  0 20 14  0 ]

>MA0126.1	ovo
A  [10  1  4 20 21  0  7  0  5 ]
C  [ 4  4  2  0  0 21  5  0  4 ]
G  [ 0 14  2  0  0  0  3 21  2 ]
T  [ 7  2 13  1  0  0  6  0 10 ]

>MA0165.1	Abd-B
A  [ 1  0  5 21  0  3 13 ]
C  [ 0  0  0  0  3  0  0 ]
G  [ 0  0  0  0  0 11  5 ]
T  [20 21 16  0 18  7  3 ]

>MA0166.1	Antp
A  [ 1  0 16 16  0  0 15 ]
C  [ 1  0  0  0  0  0  0 ]
G  [ 0  0  0  0  0  9  1 ]
T  [14 16  0  0 16  7  0 ]

>MA0167.1	Awh
A  [ 3  1 33 40  0  0 34 ]
C  [16  0  0  0  0  0  0 ]
G  [ 0  0  7  0  1  8  4 ]
T  [21 39  0  0 39 32  2 ]

>MA0168.1	B-H1
A  [ 4  0 21 21  8  1  1 ]
C  [ 4  0  0  0  0  7  0 ]
G  [ 0  0  0  0  0  0 20 ]
T  [13 21  0  0 13 13  0 ]

>MA0169.1	B-H2
A  [ 6  0 21 21  5  3  0 ]
C  [ 2  0  0  0  0  1  0 ]
G  [ 1  0  0  0  0  2 21 ]
T  [12 21  0  0 16 15  0 ]

>MA0170.1	C15
A  [ 1  0 17 19  6  0 10 ]
C  [ 1  0  0  0  2  3  0 ]
G  [ 0  0  0  0  0  6  9 ]
T  [17 19  2  0 11 10  0 ]

>MA0171.1	CG11085
A  [ 0  0 13 13  1  2  1 ]
C  [ 3  0  0  0  0  1  0 ]
G  [ 0  0  0  0  0  2 12 ]
T  [10 13  0  0 12  8  0 ]

>MA0172.1	CG11294
A  [ 0  0 15 15  0  0 15 ]
C  [ 3  2  0  0  0  0  0 ]
G  [ 0  0  0  0  0  0  0 ]
T  [12 13  0  0 15 15  0 ]

>MA0173.1	CG11617
A  [ 1  0 10 17  0 17  0 ]
C  [ 0  0  0  0 17  0  0 ]
G  [ 0  0  3  0  0  0  0 ]
T  [16 17  4  0  0  0  1 ]

>MA0174.1	Dbx
A  [ 2  2  6 16  0  0 13 ]
C  [ 0  0  0  0  0  2  0 ]
G  [ 0  0  2  0  0  6  3 ]
T  [14 14  8  0 16  8  0 ]

>MA0175.1	lms
A  [ 2  0 21 21  0  3  8 ]
C  [ 7  0  0  0  0  0  0 ]
G  [ 1  0  0  0  0  4 13 ]
T  [11 21  0  0 21 14  0 ]

>MA0176.1	CG15696-RA
A  [ 2  2 21 32  0  0 16 ]
C  [ 3  3  0  0  0  0  0 ]
G  [ 3  0  6  0  0  2 16 ]
T  [24 27  5  0 32 30  0 ]

>MA0177.1	CG18599
A  [ 4  0 25 25  0  0 23 ]
C  [10  0  0  0  0  1  0 ]
G  [ 1  0  0  0  0  8  2 ]
T  [10 25  0  0 25 16  0 ]

>MA0178.1	CG32105
A  [ 2  2 17 19  0  0 15 ]
C  [ 4  0  0  0  0  0  0 ]
G  [ 0  0  0  0  1  1  4 ]
T  [13 17  2  0 18 18  0 ]

>MA0179.1	CG32532
A  [ 2  0 23 23  0  0 12 ]
C  [ 6  0  0  0  0  0  0 ]
G  [ 2  0  0  0  0  2 10 ]
T  [13 23  0  0 23 21  1 ]

>MA0180.1	Vsx2
A  [ 1  2  0 13 13  0  0 10  1 ]
C  [ 1  2  0  0  0  0  0  0  2 ]
G  [ 5  0  0  0  0  0  0  3 10 ]
T  [ 6  9 13  0  0 13 13  0  0 ]

>MA0181.1	Vsx1
A  [ 1  0 22 22  0  2 15 ]
C  [ 8  0  0  0  0  0  0 ]
G  [ 1  0  0  0  0  3  6 ]
T  [12 22  0  0 22 17  1 ]

>MA0182.1	CG4328-RA
A  [12  7 13 30  0  0 15 ]
C  [ 2  1  0  0  0  0  0 ]
G  [ 3  0  0  0  0  6 15 ]
T  [13 22 17  0 30 24  0 ]

>MA0183.1	HHEX
A  [ 7  0  0 21 26  0  7 22 ]
C  [ 3  7  6  0  0  3  0  0 ]
G  [ 2  0  7  2  0  3  1  4 ]
T  [14 19 13  3  0 20 18  0 ]

>MA0184.1	CG9876
A  [ 2  0 18 20  0  0 14 ]
C  [ 9  0  0  0  0  0  0 ]
G  [ 3  0  0  0  0  1  6 ]
T  [ 6 20  2  0 20 19  0 ]

>MA0185.1	Deaf1
A  [ 0  0  0  0  0  1 ]
C  [ 3  0 10  0  0  3 ]
G  [ 0  0  0 10  5  4 ]
T  [ 7 10  0  0  5  2 ]

>MA0186.1	Dfd
A  [ 1  0 24 24  0  1 21 ]
C  [ 4  0  0  0  0  0  0 ]
G  [ 3  0  0  0  0 19  3 ]
T  [16 24  0  0 24  4  0 ]

>MA0187.1	Dll
A  [ 1 22 23  0  3 10  1 ]
C  [ 0  0  0  0  0  0 12 ]
G  [ 0  1  0  0  3  9  4 ]
T  [22  0  0 23 17  4  6 ]

>MA0188.1	Dr
A  [ 1  0 21 21  0  0 21 ]
C  [13 16  0  0  0  0  0 ]
G  [ 6  0  0  0  0  0  0 ]
T  [ 1  5  0  0 21 21  0 ]

>MA0189.1	E5
A  [ 5  3 43 42  1  5 34 ]
C  [15  0  0  0  0  0  0 ]
G  [ 6  0  0  0  1 16  9 ]
T  [17 40  0  1 41 22  0 ]

>MA0190.1	Gsc
A  [ 0 22 22  0  0  0 ]
C  [ 0  0  0  0 22 14 ]
G  [ 0  0  0  0  0  2 ]
T  [22  0  0 22  0  6 ]

>MA0191.1	HGTX
A  [ 4  0 20 20  0  1 15 ]
C  [ 2  0  0  0  0  0  0 ]
G  [ 3  0  0  0  0  6  5 ]
T  [11 20  0  0 20 13  0 ]

>MA0192.1	Hmx
A  [ 1  0 20 20  1  0  4 ]
C  [ 3  0  0  0  0  3  0 ]
G  [ 0  0  0  0  0  0 16 ]
T  [16 20  0  0 19 17  0 ]

>MA0193.1	schlank
A  [ 0  0 17  1  0 18 12 ]
C  [19  9  2 18 12  0  0 ]
G  [ 0  0  0  0  0  1  4 ]
T  [ 0 10  0  0  7  0  3 ]

>MA0194.1	Lim1
A  [ 0  0 18 18  0  0 17 ]
C  [ 2  0  0  0  0  0  0 ]
G  [ 0  0  0  0  0  0  1 ]
T  [16 18  0  0 18 18  0 ]

>MA0195.1	Lim3
A  [ 3  4 16 20  0  0 16 ]
C  [ 7  0  0  0  0  2  0 ]
G  [ 2  0  3  0  0  4  4 ]
T  [ 8 16  1  0 20 14  0 ]

>MA0196.1	NK7.1
A  [ 5  0 33 35  4  6 13 ]
C  [ 5  0  0  0  0  0  0 ]
G  [ 1  0  2  0  5  7 22 ]
T  [24 35  0  0 26 22  0 ]

>MA0197.2	nub
A  [ 2 29  0  0  0 24 28 28  4  6 19  4 ]
C  [ 1  0  0  0 19  0  0  0  1  5  5  3 ]
G  [ 1  0  0 25  1  0  1  0  0  8  1 15 ]
T  [25  0 29  4  9  5  0  1 24 10  4  7 ]

>MA0198.1	OdsH
A  [ 0  0 22 22  0  0 13 ]
C  [11  0  0  0  0  0  0 ]
G  [ 4  0  0  0  0  0  8 ]
T  [ 7 22  0  0 22 22  1 ]

>MA0199.1	Optix
A  [ 0  0 27  0 26 ]
C  [ 5  0  0  0  0 ]
G  [ 0 27  0  0  1 ]
T  [22  0  0 27  0 ]

>MA0200.1	Pph13
A  [ 6  0 21 21  0  0 13 ]
C  [ 8  0  0  0  0  1  1 ]
G  [ 3  0  0  0  0  0  6 ]
T  [ 4 21  0  0 21 20  1 ]

>MA0201.1	Ptx1
A  [ 0  0 20 20  0  0  0 ]
C  [ 5  0  0  0  0 20 19 ]
G  [ 1  0  0  0  0  0  0 ]
T  [14 20  0  0 20  0  1 ]

>MA0202.1	Rx
A  [ 3  0 27 27  0  0 17 ]
C  [13  0  0  0  0  0  0 ]
G  [ 0  0  0  0  0  0 10 ]
T  [11 27  0  0 27 27  0 ]

>MA0203.1	Scr
A  [ 3  0 25 25  0  0 23 ]
C  [ 7  0  0  0  0  0  0 ]
G  [ 0  0  0  0  0 18  2 ]
T  [15 25  0  0 25  7  0 ]

>MA0204.1	Six4
A  [ 0  0 20  0 20  1 ]
C  [ 0  0  0  7  0 19 ]
G  [ 0 20  0  4  0  0 ]
T  [20  0  0  9  0  0 ]

>MA0205.1	Trl
A  [ 4  6 12  0  3  1 13  5  7  9 ]
C  [22 23  6 64  0 70  0 54 13 33 ]
G  [ 9 11 30  3 14  0  2  7 11 10 ]
T  [36 31 23  4 54  0 56  5 40 19 ]

>MA0206.1	abd-A
A  [ 1  0 16 18  1  0 15 ]
C  [ 3  0  0  0  0  0  1 ]
G  [ 0  0  0  0  0  6  2 ]
T  [14 18  2  0 17 12  0 ]

>MA0207.1	achi
A  [ 0  0 23  0 23  3 ]
C  [ 0  0  0 22  0  0 ]
G  [ 0 23  0  0  0 12 ]
T  [23  0  0  1  0  2 ]

>MA0208.1	al
A  [ 0 20 20  0  0 17 18 ]
C  [ 0  0  0  0  0  0  0 ]
G  [ 0  0  0  0  0  3  2 ]
T  [20  0  0 20 20  0  0 ]

>MA0209.1	ap
A  [ 2  1 19 19  0  0 16 ]
C  [10  0  0  0  0  0  0 ]
G  [ 0  0  0  0  0  6  3 ]
T  [ 7 18  0  0 19 13  0 ]

>MA0210.1	ara
A  [14 23 34  0 34 ]
C  [ 0  0  0 34  0 ]
G  [ 5  0  0  0  0 ]
T  [15 11  0  0  0 ]

>MA0211.1	bap
A  [ 0  0 23 23  0  1  7 ]
C  [ 0  0  0  0  0  0  0 ]
G  [ 1  0  0  0 23  0 16 ]
T  [22 23  0  0  0 22  0 ]

>MA0212.1	bcd
A  [ 0 20 22  0  0  0 ]
C  [ 0  0  0  0 22 21 ]
G  [ 0  0  0  1  0  0 ]
T  [22  2  0 21  0  1 ]

>MA0213.1	brk
A  [ 1  0  0  0  0  1  1  0 ]
C  [ 5  4  0  0 10  0  8  5 ]
G  [ 4  0 10 10  0  9  0  1 ]
T  [ 0  6  0  0  0  0  1  4 ]

>MA0214.1	bsh
A  [ 1  0 16 16  0  0  7 ]
C  [ 3  0  0  0  1  3  0 ]
G  [ 2  0  0  0  0  6  9 ]
T  [10 16  0  0 15  7  0 ]

>MA0215.1	btn
A  [ 5  0 22 23  0  0 19 ]
C  [ 1  0  0  0  1  0  0 ]
G  [ 4  0  1  0  0 15  3 ]
T  [13 23  0  0 22  8  1 ]

>MA0216.2	cad
A  [ 854  575    0  745 2117    0 2236 2303 2303 1637 1046 ]
C  [   0  341 1481 1475    0   95    0    0    0  115  755 ]
G  [1143 1387    0    0  186    0    0    0    0  147    0 ]
T  [ 306    0  822   83    0 2208   67    0    0  404  502 ]

>MA0217.1	caup
A  [ 4 14 19  0 19 ]
C  [ 1  0  0 19  0 ]
G  [ 2  2  0  0  0 ]
T  [12  3  0  0  0 ]

>MA0218.1	ct
A  [ 0  1  9 20 17  0 ]
C  [ 6  2  0  0  0 19 ]
G  [ 0  0 11  0  1  1 ]
T  [14 17  0  0  2  0 ]

>MA0219.1	ems
A  [ 3  3 19 19  0  0 14 ]
C  [ 7  0  0  0  0  1  0 ]
G  [ 1  0  0  1  0 10  6 ]
T  [ 9 17  1  0 20  9  0 ]

>MA0220.1	en
A  [ 2  0 23 23  0  0 13 ]
C  [ 8  0  0  0  0  0  0 ]
G  [ 2  0  0  0  0  2 10 ]
T  [11 23  0  0 23 21  0 ]

>MA0221.1	eve
A  [ 3  1 22 22  0  0 17 ]
C  [10  0  0  0  2  2  0 ]
G  [ 0  0  0  0  1 11  4 ]
T  [ 9 21  0  0 19  9  1 ]

>MA0222.1	exd
A  [ 4  1  0  0  0 17  0 11 ]
C  [ 4  0  0  0  0  0 12  0 ]
G  [ 4  2  0  0 17  0  0  6 ]
T  [ 5 14 17 17  0  0  5  0 ]

>MA0224.1	exex
A  [ 0  0 23 23  0  1 20 ]
C  [ 7  0  0  0  0  1  0 ]
G  [10  0  0  0  0  0  3 ]
T  [ 6 23  0  0 23 21  0 ]

>MA0225.1	ftz
A  [ 1  1 18 18  0  0 14 ]
C  [ 2  0  0  0  0  0  0 ]
G  [ 0  0  0  0  0  9  4 ]
T  [15 17  0  0 18  9  0 ]

>MA0226.1	hbn
A  [ 2  0 17 17  0  0  9 ]
C  [ 2  0  0  0  0  0  0 ]
G  [ 2  0  0  0  0  0  7 ]
T  [11 17  0  0 17 17  1 ]

>MA0227.1	hth
A  [ 0  0 17  0 14  0 ]
C  [ 0  0  0 17  0  0 ]
G  [ 0 17  0  0  3  8 ]
T  [17  0  0  0  0  4 ]

>MA0228.1	ind
A  [ 0  0 21 21  0  0 19 ]
C  [12  0  0  0  0  0  0 ]
G  [ 0  0  0  0  1  8  2 ]
T  [ 9 21  0  0 20 13  0 ]

>MA0229.1	inv
A  [ 4  1  0 16 16  0  0 11 ]
C  [ 0  9  0  0  0  0  0  0 ]
G  [ 3  0  0  0  0  0  0  5 ]
T  [ 9  6 16  0  0 16 16  0 ]

>MA0230.1	lab
A  [ 1  0 16 16  1  0 16 ]
C  [ 3  0  0  0  0  0  0 ]
G  [ 0  0  0  0  0  6  0 ]
T  [12 16  0  0 15 10  0 ]

>MA0231.1	lbe
A  [ 0 22 22  1  4 19 ]
C  [ 0  0  0 10  5  0 ]
G  [ 0  0  0  2  3  3 ]
T  [22  0  0  9 10  0 ]

>MA0232.1	lbl
A  [ 0 23 23  0  1 17 ]
C  [ 0  0  0  5  3  0 ]
G  [ 0  0  0  0  7  6 ]
T  [23  0  0 18 12  0 ]

>MA0233.1	mirr
A  [20 29 41  0 41 ]
C  [ 1  0  0 41  0 ]
G  [ 1  2  0  0  0 ]
T  [19 10  0  0  0 ]

>MA0234.1	oc
A  [ 0 19 19  0  0  0 ]
C  [ 0  0  0  0 19 17 ]
G  [ 0  0  0  2  0  1 ]
T  [19  0  0 17  0  1 ]

>MA0235.1	onecut
A  [ 1  0  0 15  0  0  5 ]
C  [ 2  0  0  0  0  0  0 ]
G  [ 0  0 15  0  0  0  4 ]
T  [12 15  0  0 15 15  6 ]

>MA0236.1	otp
A  [ 1  0 20 20  0  0 15 ]
C  [ 6  1  0  0  0  1  0 ]
G  [ 2  0  0  0  0  4  3 ]
T  [11 19  0  0 20 15  2 ]

>MA0237.2	pan
A  [ 0  0  0  0  7 11  7  0  0  0  0 11 34 22 ]
C  [ 0 71  0 20 43 10 40 30  0  0  0  9  0  0 ]
G  [34  0 71 40  3 19  0 15  0  0 11 41 21  0 ]
T  [37  0  0 11 18 31 24 26 71 71 60 10 16 49 ]

>MA0238.1	pb
A  [ 4  0 24 24  0  0 24 ]
C  [ 9  0  0  0  0  0  0 ]
G  [ 0  0  0  0  0 11  0 ]
T  [11 24  0  0 24 13  0 ]

>MA0239.1	prd
A  [10  1  4 20 21  0  7  0  5 ]
C  [ 4  4  2  0  0 21  5  0  4 ]
G  [ 0 14  2  0  0  0  3 21  2 ]
T  [ 7  2 13  1  0  0  6  0 10 ]

>MA0240.1	repo
A  [ 1  1 27 28  0  0 21 ]
C  [ 4  0  0  0  0  0  0 ]
G  [ 4  0  0  0  0  0  7 ]
T  [19 27  1  0 28 28  0 ]

>MA0241.1	ro
A  [ 1  0 23 23  0  0 19 ]
C  [12  0  0  0  0  0  0 ]
G  [ 3  0  0  0  0  3  4 ]
T  [ 7 23  0  0 23 20  0 ]

>MA0242.1	Bgb::run
A  [12 27 28  0  0  5  0 28 20 ]
C  [ 2  0  0 29 28  1 29  0  0 ]
G  [ 0  1  1  0  1 23  0  0  9 ]
T  [15  1  0  0  0  0  0  1  0 ]

>MA0243.1	sd
A  [ 3  8  4 14  1  3  0  3  4  5  5  4 ]
C  [ 0  1  8  0  1  0  8  5  1  6  1  3 ]
G  [ 8  1  1  0  0  1  0  3  2  3  7  4 ]
T  [ 3  4  1  0 12 10  6  3  7  0  1  3 ]

>MA0244.1	slbo
A  [ 9  0  0  3  2  7  6 11 ]
C  [ 1  1  0  2 10  2  5  1 ]
G  [ 1  0  3  7  0  2  1  0 ]
T  [ 1 11  9  0  0  1  0  0 ]

>MA0245.1	slou
A  [ 3  0 22 21  0  2 11 ]
C  [ 5  1  0  0  0  1  0 ]
G  [ 1  0  0  1  0  5 11 ]
T  [13 21  0  0 22 14  0 ]

>MA0246.1	so
A  [ 0  0 27  0 27  0 ]
C  [ 0  0  0  0  0 10 ]
G  [ 1 27  0  1  0  0 ]
T  [26  0  0 26  0  3 ]

>MA0247.2	tin
A  [136   0   0   0 326 515   0   0   0  13 ]
C  [ 54 188  51 425   0   0   0   0   0 157 ]
G  [ 80 137   0  34 189   0 515   0 515 301 ]
T  [245 190 464  56   0   0   0 515   0  44 ]

>MA0248.1	tup
A  [ 4  1 16 16  0  1  2 ]
C  [ 2  0  0  0  0  0  0 ]
G  [ 1  0  0  0  2  7 13 ]
T  [ 9 15  0  0 14  8  1 ]

>MA0249.1	twi
A  [ 1  3  1  0 11  0  7  0  0  1  1  2 ]
C  [ 4  7  3 14  3  4  1  0  0  0  2  3 ]
G  [ 3  3 10  1  1  1  5  0 12  2  2  8 ]
T  [ 7  2  1  0  0 10  2 15  3 12 10  2 ]

>MA0250.1	unc-4
A  [ 1  0 21 21  0  1  6 ]
C  [ 5  0  0  0  0  0  1 ]
G  [ 2  0  0  0  0  0 14 ]
T  [13 21  0  0 21 20  0 ]

>MA0251.1	unpg
A  [ 1  1 21 21  0  0 14 ]
C  [ 6  0  0  0  0  0  0 ]
G  [ 4  0  0  0  0  2  7 ]
T  [10 20  0  0 21 19  0 ]

>MA0252.1	vis
A  [ 0  0 22  0 22  2 ]
C  [ 0  0  0 22  0  4 ]
G  [ 0 22  0  0  0  8 ]
T  [22  0  0  0  0  2 ]

>MA0253.1	vnd
A  [ 4  1  0  0 19 19  0  2  9 ]
C  [ 0  8  0 15  0  0  0  0  0 ]
G  [ 2  1  0  2  0  0 19  0 10 ]
T  [13  9 19  2  0  0  0 17  0 ]

>MA0254.1	vvl
A  [ 0 11  2  0  3 11 ]
C  [ 2  0  2  0  8  0 ]
G  [ 0  0  0  6  0  0 ]
T  [ 9  0  7  5  0  0 ]

>MA0255.1	z
A  [11  1  1 41  1  8  2 18 10 14 ]
C  [ 3  7  0  0  0 10  6  7  5  6 ]
G  [ 5  3 40  0 40  0 29 11 12  2 ]
T  [22 30  0  0  0 23  4  5 14 19 ]

>MA0256.1	zen
A  [ 2  0 16 16  0  0 16 ]
C  [ 9  0  0  0  0  0  0 ]
G  [ 0  0  0  0  0 11  0 ]
T  [ 5 16  0  0 16  5  0 ]

>MA0257.1	zen2
A  [ 3  1 26 26  0  0 22 ]
C  [ 7  0  0  0  1  0  0 ]
G  [ 5  0  0  0  0 10  4 ]
T  [11 25  0  0 25 16  0 ]

>MA0443.1	btd
A  [14 10  4  2  0  0  2  0  0 15 ]
C  [ 3  0  0  0  0  0 28  0  0  1 ]
G  [ 7 20 18 28 30 30  0 30 20 10 ]
T  [ 6  0  8  0  0  0  0  0 10  4 ]

>MA0444.1	CG34031
A  [ 0  0 22 25  2  7  3 ]
C  [ 1  0  0  0  0  0  0 ]
G  [ 1  0  0  0  0  1 22 ]
T  [23 25  3  0 23 17  0 ]

>MA0445.1	D
A  [ 1  0  0 20  0  0  2  0  1  4  6 ]
C  [ 8 25 17  0  0  0  0  0  2 10  1 ]
G  [ 7  0  0  0  0  3 27  0  4  6  1 ]
T  [13  4 12  9 29 26  0 29 22  9 21 ]

>MA0446.1	fkh
A  [ 3  5  0  0  0 13  4  6  0 23 15 ]
C  [ 0  0  0  0  0  0 13  7 11  0  4 ]
G  [ 0 22  0  0  1 14  2  3  2  1  4 ]
T  [24  0 27 27 26  0  8 11 14  3  4 ]

>MA0447.1	gt
A  [28  0  1 54  0  7  0 55 60  2 ]
C  [ 5  0  1  0 53  0  6  3  0 25 ]
G  [25  0  3  6  0 53  0  1  0  5 ]
T  [ 2 60 55  0  7  0 54  1  0 28 ]

>MA0448.1	H2.0
A  [ 6  2 16 31  0  8 24 ]
C  [ 3  1  1  0  0  0  0 ]
G  [ 4  0  1  0  0  9  7 ]
T  [19 29 14  1 32 15  1 ]

>MA0449.1	h
A  [ 1  3  1 22  1  2  1  1  7  1 ]
C  [ 2  7 31  1 30  1 10  1 17 30 ]
G  [30 17  1 10  1 30  1 31  7  2 ]
T  [ 1  7  1  1  2  1 22  1  3  1 ]

>MA0450.1	hkb
A  [ 3  8  0  0  0  0  0  0 24 ]
C  [ 0  0  0  0 32  0  0  0  3 ]
G  [18 24 32 32  0 32  3 31  2 ]
T  [11  0  0  0  0  0 29  1  3 ]

>MA0451.1	kni
A  [19 25 16  5  0 21  0 17  1  0 25  5 ]
C  [ 1  1  0  9  4  0  0  0  3 26  0 12 ]
G  [ 2  0  0  6  1  5 26  8 18  0  1  7 ]
T  [ 4  0 10  6 21  0  0  1  4  0  0  2 ]

>MA0452.2	Kr
A  [ 179  205  151 1248 1080   11    0    0    0    0    0  113  318  211 ]
C  [ 422  189  386    0  216 1170 1177 1296  202    0  113  399  322  434 ]
G  [ 238  218   73    0    0    0    0    0    0    0    0  231  285  219 ]
T  [ 457  684  686   48    0  115  119    0 1094 1296 1183  553  371  432 ]

>MA0454.1	odd
A  [ 7 10  0 12  0  0 15  0  0 11  5 ]
C  [ 5  5 14  0  0  0  0  0 15  3  4 ]
G  [ 0  0  1  3 15  0  0 15  0  1  6 ]
T  [ 3  0  0  0  0 15  0  0  0  0  0 ]

>MA0456.1	opa
A  [ 0 10  1  1  0  0  0  0  4  0  3  2 ]
C  [ 1  7 16 15 16 18 18 14  0 14  1  0 ]
G  [15  1  0  1  1  0  0  0 13  2  4 16 ]
T  [ 2  0  1  1  1  0  0  4  1  2 10  0 ]

>MA0457.1	PHDP
A  [ 4  0 16 17  0  1  8 ]
C  [ 6  0  0  0  0  0  1 ]
G  [ 0  0  0  0  0  1  4 ]
T  [ 7 17  1  0 17 15  4 ]

>MA0458.1	slp1
A  [ 8  0  3  0  0  0 27  1 17  4 15 ]
C  [ 3  0  0  0  0  0  0 22  8 13  3 ]
G  [14  0 38  0  1  2  4  7 15  3  4 ]
T  [16 41  0 41 40 39 10 11  1 21 19 ]

>MA0459.1	tll
A  [20 29 33 31  0  0  0 33 31 17 ]
C  [ 4  0  0  1  0  2 33  0  0 10 ]
G  [ 4  4  0  1 33  0  0  0  1  2 ]
T  [ 5  0  0  0  0 31  0  0  1  4 ]

>MA0460.1	ttk
A  [10 22  0  0 22  0 21 22  1 ]
C  [ 8  0  0  0  0  5  0  0  5 ]
G  [ 3  0 22 22  0  0  0  0  3 ]
T  [ 1  0  0  0  0 17  1  0 13 ]

>MA0529.1	BEAF-32
A  [ 746  959 1256 1871 1982 2196 1547  745 3908    0    0   77 3613  428 2162 ]
C  [ 872 1437  847 1358  344  324 1841  635    0    0 3985    0    0  170    0 ]
G  [1132  847 1309  756  671 1013  597    0   77    0    0 3908  372    0  788 ]
T  [1235  742  573    0  988  452    0 2605    0 3985    0    0    0 3387 1035 ]

>MA0530.1	cnc::maf-S
A  [142 340   0   0 407   0  80  78 136  24   0 368 133 221 214 ]
C  [113  20   0   0  46 292   0 215  33   0 474   0 128  63  12 ]
G  [159 114   0 474  21  80 169  90 163 422   0 106  99   0   0 ]
T  [ 60   0 474   0   0 102 225  91 142  28   0   0 114 190 248 ]

>MA0531.1	CTCF
A  [ 306  313  457  676  257 1534  202  987    2    0    2  124    1   79  231 ]
C  [ 876 1147  383  784  714    1    0    0    4    0    0 1645    0 1514  773 ]
G  [ 403  219  826  350   87  192 1700  912  311 1902 1652    3 1807    8  144 ]
T  [ 317  223  236   92  844  175    0    3 1585    0  248  130   94  301  754 ]

>MA0532.1	Stat92E
A  [ 15  24  27  91  47   0   0   0   0  38  41   0 113 118  63 ]
C  [ 50  22  35   1   0   1   6 106  67  21   2   1   0   0   9 ]
G  [ 24  59  41  17  27   1   0   0  14  30  70 117   2   0  10 ]
T  [ 29  13  15   9  44 116 112  12  37  29   5   0   3   0  36 ]

>MA0533.1	su(Hw)
A  [ 336  243  778  855 2767 3438 4217 3904  410   17 4276    7  199  116 2821 3392  523 2535 1815 2231 1996 ]
C  [1133 4116 3001 1480  586  208   93   19  235  441   21   11    5 4594  411  296 2430  354 1284  447  379 ]
G  [2808   35  231  977  925  529  295  316 3759   96   95 1140 4526    6    8  713  191 1409  770  345  351 ]
T  [ 460  343  727 1425  459  562  132  498  333 4183  345 3579    7   21 1497  336 1593  439  868 1714 2011 ]

>MA0534.1	EcR::usp
A  [ 29  60  19   5   9  12  74  34   0   0  66  49  21   0  24 ]
C  [ 36  12  10   3   0  66   0  11   0   0  33  55  57  34  28 ]
G  [ 39  32  75  35   0   0  30   5   0 104   0   0   0   0   0 ]
T  [  0   0   0  61  95  26   0  54 104   0   5   0  26  70  52 ]

>MA0535.1	Mad
A  [  0  35   0  35   0   0  23   0  29  29  11  29  12  32  11 ]
C  [ 48  26  14   0 102   0  65  71   0  39  53   0  48  34  28 ]
G  [ 47  13  88  56   0 102   0  31  73  34  25  73  27  16  63 ]
T  [  7  28   0  11   0   0  14   0   0   0  13   0  15  20   0 ]

>MA0536.1	pnr
A  [ 82 802   0   0   0 869   0 580 123  58  91 ]
C  [180   0  32 869   0   0   0   0   0 278 273 ]
G  [  5   0   1   0 869   0   0  87 530 194 110 ]
T  [602  67 836   0   0   0 869 202 216 339 395 ]

>MA0915.1	dve
A  [276   0 999 999   0   0   0 348 ]
C  [379   0   0   0   0 999 971 217 ]
G  [138   0   0   0   0   0   0 348 ]
T  [207 999   0   0 999   0  29  87 ]

>MA0916.1	Ets21C
A  [  1   1   1   1 997 897 333   1 ]
C  [996 997   1   1   1   1   1 286 ]
G  [  1   1 997 997   1   1 665   1 ]
T  [  1   1   1   1   1 101   1 712 ]

>MA0917.1	gcm2
A  [ 730    0  235   47   71    0    0   56 ]
C  [ 111   12   24  800    0    0    0  352 ]
G  [ 159    0  741  141  753 1000 1000   93 ]
T  [   0  988    0   12  177    0    0  500 ]

