>MA0001.2	AGL3
A  [22 16 25 27  0  0 82 40 56 35 65 25 64  0 33 52 45 21 ]
C  [29  9  8 16 92 79  1  4  0  0  1  4  0  0 14  5 23 24 ]
G  [34 29  4 13  0  0  2  3  1  0  4  3 28 92 15  7 13 26 ]
T  [10 41 58 39  3 16 10 48 38 60 25 63  3  3 33 31 14 24 ]

>MA0005.2	AG
A  [21  9 10 29  0  0 31 47 52 25 17 19  7  2 22 45 40 15 ]
C  [20  3  0  8 66 65  3  2  0  0 15  8  0  0 17  4  6 10 ]
G  [ 6  3  1  8  0  0  6  0  1  1 11 20 57 54  5  5  9 16 ]
T  [19 51 55 21  0  1 26 17 13 40 23 19  2 10 22 12 11 25 ]

>MA0008.2	HAT5
A  [ 1  4  3 22 25  0  0 25  0  0  3  2 ]
C  [ 5  5 13  1  0  0  5  0  0  0  1  8 ]
G  [ 3  3  4  0  0  0  0  0  0  0 12  4 ]
T  [10 10  3  1  0 25 20  0 25 25  0  1 ]

>MA0020.1	Dof2
A  [21 21 21  0  3  7 ]
C  [ 0  0  0  0 14  6 ]
G  [ 0  0  0 21  2  3 ]
T  [ 0  0  0  0  2  5 ]

>MA0021.1	Dof3
A  [21 21 21  0  0  6 ]
C  [ 0  0  0  0 10  6 ]
G  [ 0  0  0 21  3  9 ]
T  [ 0  0  0  0  8  0 ]

>MA0034.1	Gam1
A  [ 4 10  3 23 25  1  3  6 10  5 ]
C  [ 6  5 13  1  0 24 14  0 11 19 ]
G  [11  7  0  1  0  0  6 19  0  1 ]
T  [ 4  3  9  0  0  0  2  0  4  0 ]

>MA0044.1	HMG-1
A  [ 0  0  0  0  0  6  3  0  0 ]
C  [ 5  0  4  2  1  1  5  1  8 ]
G  [ 8  3  0 10  0  3  0  2  1 ]
T  [ 0 10  9  1 12  3  5 10  4 ]

>MA0045.1	HMG-I/Y
A  [ 3  7  9  3 11 11 11  3  4  3  8  8  9  9 11  2 ]
C  [ 5  0  1  6  0  0  0  3  1  4  5  1  0  5  0  7 ]
G  [ 4  3  1  4  3  2  2  2  8  6  1  4  2  0  3  0 ]
T  [ 2  4  3  1  0  1  1  6  1  1  0  1  3  0  0  5 ]

>MA0053.1	MNB1A
A  [15 15 15  0  3 ]
C  [ 0  0  0  0  9 ]
G  [ 0  0  0 15  0 ]
T  [ 0  0  0  0  3 ]

>MA0054.1	myb.Ph3
A  [19 64 63  4 10 10 13  3 28 ]
C  [ 3  1  0 62 27  2  8 17  1 ]
G  [ 2  2  2  3 16 53  0  1  0 ]
T  [46  3  5  1 17  5 49 49 41 ]

>MA0064.1	PBF
A  [16 16 16  0  1 ]
C  [ 0  0  0  0  9 ]
G  [ 0  0  0 16  1 ]
T  [ 0  0  0  0  5 ]

>MA0082.1	squamosa
A  [11  0 24 16 23 17 24  8 14  1 14 25 21  7 ]
C  [14 22  0  2  0  0  1  0  1  1  5  5  2  5 ]
G  [ 1  0  4  1  0  0  0  1 15 28  1  0  3  8 ]
T  [ 4  8  2 11  7 13  5 21  0  0 10  0  4 10 ]

>MA0096.1	bZIP910
A  [15  0  0 35  0  0  0 ]
C  [15  0  0  0 35  0  0 ]
G  [ 5  0 35  0  0 35  0 ]
T  [ 0 35  0  0  0  0 35 ]

>MA0097.1	bZIP911
A  [ 1 17  0  0 33  0  0  0  0  1 11  1 ]
C  [ 0  0  0  0  0 33  0  0  1  0 20 32 ]
G  [31 16  0 33  0  0 33  0 32 22  1  0 ]
T  [ 1  0 33  0  0  0  0 33  0 10  1  0 ]

>MA0110.2	ATHB-5
A  [ 0  4  2  2  0 32 39  0  2 39  0  0  0 ]
C  [ 9  9 12 17 32  6  0  0  8  0  0  0  0 ]
G  [12 17  8 10  4  0  0  0  7  0  0  0  7 ]
T  [ 9  4 14  7  3  1  0 39 22  0 39 39  1 ]

>MA0120.1	id1
A  [ 1  3  1  0  0  2  3  1  8  0  0  2 ]
C  [ 1  3  2  9 13 11  8  1  5  6 17  0 ]
G  [ 2  4  9  3  4  4  2  1  1  7  0 18 ]
T  [20 14 12 12  7  7 11 21 10 11  7  4 ]

>MA0121.1	ARR10
A  [14  0 14  0  4  1  0  3 ]
C  [ 1  0  0  0  6  8  0  6 ]
G  [ 0 15  1  0  0  0  9  4 ]
T  [ 0  0  0 15  5  6  6  2 ]

>MA0123.1	abi4
A  [ 0 12  0  0  1  0  5  3  3  4 ]
C  [49  0 20 23  3 45 28 25 31 26 ]
G  [ 0 37 29  1 45  4  6 11  5  7 ]
T  [ 0  0  0 25  0  0 10 10 10 12 ]

>MA0127.1	PEND
A  [30  6  1  4  3  0  2 32  4  2 ]
C  [ 2 19  0  0 33  2  0  7  3  5 ]
G  [ 8  7  2  4  2  2  1  2  0 14 ]
T  [ 2 10 39 34  4 38 39  1 35 21 ]

>MA0128.1	EmBP-1
A  [ 9  1 13  0  0  0  0  0 ]
C  [ 0  7  0 12  0  0  1  1 ]
G  [ 0  4  0  0 13  0 12 12 ]
T  [ 4  1  0  1  0 13  0  0 ]

>MA0129.1	TGA1A
A  [ 4 13  0  2  1  0 13 ]
C  [ 4  0 14  0  0 15  0 ]
G  [ 0  1  0 13  0  0  1 ]
T  [ 7  1  1  0 14  0  1 ]

>MA0548.1	AGL15
A  [  9   4  18   0   4  63  15  33   3  15  14  18   2  54  80 ]
C  [  5  10   0 144  99  20  23   4   0   9  14   0   0  30  10 ]
G  [  3   6  11   2   1  18  16   3   0   8  27 124 110  30  11 ]
T  [133 130 121   4  46  49  96 110 147 118  95   8  38  36  49 ]

>MA0549.1	BZR2
A  [23 41  0 89  0  0  0  3 16 17 36 ]
C  [45  8 99  0 99  0  0  0  5 33 29 ]
G  [10 50  0  4  0 99  0 96 36 46 33 ]
T  [21  0  0  6  0  0 99  0 42  3  1 ]

>MA0550.1	BZR1
A  [ 63  55  30  49   0 147   6   0   0   6  42  41  42  81 ]
C  [ 60  47  20  66 153   2 147   0   0   5   0  53  61  39 ]
G  [ 30  27  52  26   0   0   0 153   0 142  39  43  22   0 ]
T  [  0  24  51  12   0   4   0   0 153   0  72  16  28  33 ]

>MA0551.1	HY5
A  [103 108  52   9 150   0 310   3   1   0   2   4  24 183  94  89 ]
C  [ 60  56  55   8 165 317   1 311   5   9   1   1 279  30  62  68 ]
G  [ 68  62  30 279   1   1   9   5 311   1 317 165   8  55  56  60 ]
T  [ 89  94 183  24   4   2   0   1   3 310   0 150   9  52 108 103 ]

>MA0552.1	PIF1
A  [ 37  25  35  53  27   9  38   0 114   0   0   0   0  22 ]
C  [ 12   0  28   8  27  17  14 103   0 113   0   2   0  23 ]
G  [ 37  53  29  40  32  73  14  11   0   1 114   0 114  51 ]
T  [ 28  36  22  13  28  15  48   0   0   0   0 112   0  18 ]

>MA0553.1	SMZ
A  [  0   0   0   0   0   0 135   0 ]
C  [105 119   0 147   0   0  12 147 ]
G  [  0  28   0   0 147  25   0   0 ]
T  [ 42   0 147   0   0 122   0   0 ]

>MA0554.1	SOC1
A  [  0   0  33   0 139  78   0  78  64   0  59   0   0   0  49 117   0  33  14  79 126 ]
C  [209 210 168 326 125 223 206 153   0 263  90 258 180 343   0 286 121 208 190 240 136 ]
G  [115 135   0  44 119  95  23 123   6  99  57 134  10  78 115   0   0  64   0  98 147 ]
T  [482 461 605 436 423 410 577 452 736 444 600 414 616 385 642 403 685 501 602 389 397 ]

>MA0555.1	SVP
A  [28 28 28 33  7  3 58 67 86 77 78 34 16  0 71 84 77 34 50 38 ]
C  [24 11  1 16 85 79 16  5  0  1  8 10  0  0 10  2  7  8 16 21 ]
G  [21  8 10 11  0  1  7  8  0  2  3 14 74 92  0  2  2 39  5  3 ]
T  [19 45 53 32  0  9 11 12  6 12  3 34  2  0 11  4  6 11 21 30 ]

>MA0556.1	AP3
A  [ 92  84  48   0 185 217 283 240 156  95  98   7 183 231 243 ]
C  [ 36  33 241 232  61  22   0   1  10   0   2   0  56  18   9 ]
G  [ 20  39   0   1  11  11   0   0 104  30 191 284   5   9  19 ]
T  [143 135   2  58  34  41   8  50  21 166   0   0  47  33  20 ]

>MA0557.1	FHY3
A  [ 46  75   9 226   2   3   0   4  18  16  63  82 ]
C  [ 81  58 210   3 230  16 220   0 208  40  68  44 ]
G  [ 40  25   9   2   1 213   0 228   6  17  40  50 ]
T  [ 68  77   7   4   2   3  15   3   3 162  64  59 ]

>MA0558.1	FLC
A  [121  90  95  82  78  54   9 135 198 261 233 193  78 141   0 217 268 257  62 109 103 ]
C  [ 44  61  37  26  25 193 185  70  10   0   3   3  11   0   0  21   3   1  43  47  50 ]
G  [ 45  63  21  36  66  12   4  37  38   3   3  18  15 134 275   6   4  15 148  17  29 ]
T  [ 65  61 122 131 106  16  77  33  29  11  36  61 171   0   0  31   0   2  22 102  93 ]

>MA0559.1	PI
A  [156  57 357 448 551 498 301 312 231   7 446 495 456 256 ]
C  [335 394  79  12   1   0   8  14   0   6  54   7  26  58 ]
G  [ 48  44  67  83   4  12 244  69 327 545   7  24  60 199 ]
T  [ 19  63  55  15   2  48   5 163   0   0  51  32  16  45 ]

>MA0560.1	PIF3
A  [210  58  19   0 527   0   0   0   0 259 ]
C  [ 26 131 399 527   0 409   0   0   0  33 ]
G  [148 222  94   0   0   0 527   0 527 137 ]
T  [143 116  15   0   0 118   0 527   0  98 ]

>MA0561.1	PIF4
A  [  0 335   0  49   0   0   0  64 ]
C  [335   0 335   0   0   0  99 206 ]
G  [  0   0   0 286   0 335 183  65 ]
T  [  0   0   0   0 335   0  53   0 ]

>MA0562.1	PIF5
A  [  0   0 286   0  91   0   0   0 ]
C  [ 78 286   0 286   0   0   0  95 ]
G  [  0   0   0   0 195   0 286 161 ]
T  [208   0   0   0   0 286   0  30 ]

>MA0563.1	SEP3
A  [ 24  19   1  77  12  19   0   9  11   9   0 ]
C  [ 37 111  97   0  28   0   0   0   3   0   7 ]
G  [ 29   5   1   0   5   5   0  24  22 138 114 ]
T  [ 60  15  51  73 105 126 150 117 114   3  29 ]

>MA0564.1	ABI3
A  [ 6 15  3  1 97  1  1  6 50 ]
C  [60 16  7 96  1  1  1 84 15 ]
G  [ 9 15 85  2  1  1 96  8 13 ]
T  [25 53  5  1  1 97  1  2 22 ]

>MA0565.1	FUS3
A  [ 8  1  1 99  1  0  1 29 15 ]
C  [61  2 99  0  0  0 97  3 44 ]
G  [ 4 97  0  0  1 99  2 59 25 ]
T  [28  1  0  1 99  1  1  9 16 ]

>MA0566.1	MYC2
A  [25  9 97  0 15  1  0  5 ]
C  [10 91  0 85  0  2  0 60 ]
G  [60  0  2  0 85  0 91 10 ]
T  [ 5  0  1 15  0 97  9 25 ]

>MA0567.1	ERF1B
A  [42  1  0  4  2  2  1 58 ]
C  [54  1 98 96  0 92 98  5 ]
G  [ 3 98  1  0 97  2  1 24 ]
T  [ 1  1  1  0  1  4  1 12 ]

>MA0568.1	MYC3
A  [25 10 97  0 16  1  0  7 ]
C  [28 89  0 84  0  2  0 40 ]
G  [40  0  2  0 84  0 89 28 ]
T  [ 7  0  1 16  0 97 10 25 ]

>MA0569.1	MYC4
A  [38  5 99  0  2  0  0  2 ]
C  [18 95  0 94  0  1  0 72 ]
G  [36  0  0  0 98  0 98  8 ]
T  [ 8  0  1  6  0 99  2 17 ]

>MA0570.1	ABF1
A  [ 0  8 19  0 43  0  0  0  0  0  0 17  6 13 20 12 13 10 13 ]
C  [ 4  2 16 35  0 44  0  0  0  0 44 14 24  6 11 19 12  6  9 ]
G  [32 28  0  8  1  0 44  0 44 38  0  9  9 21 11 13 17 23 20 ]
T  [ 8  6  9  1  0  0  0 44  0  6  0  4  5  4  2  0  2  5  2 ]

>MA0571.1	ANT
A  [ 6  5  8  0 31  0 21  8 15  0  4  0  0  9 34  7  3  2  8 12 19 ]
C  [ 4  7  0 32  0 34  0  6  1  3 25 34 33 11  0  1  1 10  6 10  4 ]
G  [12 13 24  0  2  0 13 15  1  0  0  0  0 13  0 16 29  3 14  4  3 ]
T  [12  9  2  2  1  0  0  5 17 31  5  0  1  1  0 10  1 19  6  8  8 ]

>MA0573.1	ATHB-9
A  [ 4  5  5  3  0  0 25 26  0  0 26  0  0 17  0  5  2  0  0 ]
C  [ 2  3  4  8  1  6  0  0  0  0  0  0  0  0 25  1  6  3  5 ]
G  [ 1  3  2  2 25  0  1  0  0 26  0  0  3  9  1  4  0  4  3 ]
T  [ 2  3  5  5  0 20  0  0 26  0  0 26 23  0  0  7  4  3  0 ]

>MA0574.1	MYB15
A  [  4  27  64   4   0   0   0  87   0   0   0  18   4 ]
C  [ 73  18  18  64   0   0   0   4   0   0   0   0   0 ]
G  [  9  51  18  18 100 100   0   0 100 100   0  78  87 ]
T  [ 14   4   0  14   0   0 100   9   0   0 100   4   9 ]

>MA0575.1	F3A4.140
A  [ 33  57  27   6   9  68   0  50   0   0   0  68   3 ]
C  [ 30  17   9  30   6   3 100   0   0   0   0   3  55 ]
G  [ 20  17  37  20  82  23   0  50 100   0   0  26  30 ]
T  [ 17   9  27  44   3   6   0   0   0 100 100   3  12 ]

>MA0576.1	RAX3
A  [ 22   0  18  14   0   0   0  78   0   0   0   0   4 ]
C  [ 18  14   4   9   0   0   0   4   0   0   0   0  32 ]
G  [ 42  86  78  55 100 100   0   4 100 100   0  96  60 ]
T  [ 18   0   0  22   0   0 100  14   0   0 100   4   4 ]

>MA0577.1	SPL3
A  [13  8 14 10 13  2  0  0 34  0 10 13  8 10 12  9 ]
C  [ 3  2  0  1 15 29  0  0  0 34  7  6  9  8  7 12 ]
G  [ 9  8  6 13  1  2 34  0  0  0  7  2  4  2  0  3 ]
T  [ 9 16 14 10  5  1  0 34  0  0 10 13 13 14 15 10 ]

>MA0578.1	SPL8
A  [11 11  9 10 10  3  0  0 30  0  6 10  5 13 10 11 ]
C  [ 1  0  4  1  6 10  0  0  0 30 12  7  8  5  3  6 ]
G  [ 4  6  6  4  4  2 30  0  0  0  1  0  1  0  0  0 ]
T  [14 13 11 15 10 15  0 30  0  0 11 13 16 12 17 13 ]

>MA0579.1	CDC5
A  [28 17  0  2  6 91  2  2  4  2 18 ]
C  [24 26 92  2 85  2  0 93  4 55 23 ]
G  [32 55  4  0  0  2 93  5 91 27 45 ]
T  [15  2  4 96  8  4  4  0  0 16 14 ]

>MA0580.1	DYT1
A  [ 4  3  1  2 10  3  4  0 11  0  1  0  0 11 ]
C  [ 6  1  2  2  1  0  0 11  0 11  0  0  0  0 ]
G  [ 0  7  1  6  0  7  0  0  0  0 10  0 11  0 ]
T  [ 1  0  7  1  0  1  7  0  0  0  0 11  0  0 ]

>MA0581.1	LEC2
A  [107  96   2 487   0   0   0 301 115 228  96 ]
C  [ 86 163 475   0   0   0 487  30 218  86  79 ]
G  [119 165   0   0   0 487   0 156  60  44  62 ]
T  [175  63  10   0 487   0   0   0  94 129 250 ]

>MA0582.1	RAV1
A  [14 16  7  0 47 62  0 69  9 41 34 27 ]
C  [17 11 14 62 12  4 69  0  7  4  6  9 ]
G  [12 10 35  0  9  3  0  0 32  4 10 17 ]
T  [ 6 14  1  0  0  0  0  0 21 20 19 16 ]

>MA0583.1	RAV1(var.2)
A  [22 13  8 40  1  0  0  0 24 12 12  8 ]
C  [12 15 49  6 56 65  0  0  7 15 14 20 ]
G  [10  8  1  8  3  0  0 58 19 18 16  5 ]
T  [18 28  7 11  5  0 65  0  5  9 10 13 ]

>MA0584.1	SEP1
A  [14 14 11 19  0  0 39 20 37 25 28  4 26  0 23 40 33  6 ]
C  [15  6  4  7 51 46  5  2  0  0  4  6  0  0 11  3  5  8 ]
G  [ 7 10  6  9  0  0  1  4  0  0  4  3 25 51  3  0  5 17 ]
T  [15 21 30 16  0  5  6 25 14 26 15 38  0  0 14  8  8 20 ]

>MA0585.1	AGL1
A  [21 12  4 21  0  1 30 31 42 26 14 15  7  4 26 48 39 18 ]
C  [11  6  1  5 65 63  6  4  1  3 14  8  0  0  6 10  9 15 ]
G  [15  9  9 22  0  1  7  8  1  2  9 28 56 56  5  4  8 19 ]
T  [18 38 51 17  0  0 22 22 21 34 28 14  2  5 28  3  9 13 ]

>MA0586.1	SPL14
A  [ 2  4  4  4  3  3  0  0  0  0 20  0 12  6  4  8  3  3  5 ]
C  [ 5  6  5  8  4  1 20 20  0  0  0 20  0  3  3  3  4  6  1 ]
G  [ 4  4  6  1  9  4  0  0 20  0  0  0  8  8  7  5  8  8 11 ]
T  [ 9  6  5  7  4 12  0  0  0 20  0  0  0  3  6  4  5  3  3 ]

>MA0587.1	TCP16
A  [ 3  1  0  0 32  1  0  0 18 12 ]
C  [ 0  3  0  0  8 60 64 64 10 20 ]
G  [60  0 64 64 15  2  0  0 29 26 ]
T  [ 1 60  0  0  9  1  0  0  7  6 ]

>MA0588.1	TGA1
A  [ 2  3 11  0  0 36  0  2  1  6 11 ]
C  [ 5  8  9  0  0  0 33  0  3  5  0 ]
G  [ 6 16 12  0 36  0  0 34  2  6  6 ]
T  [10  2  0 36  0  0  3  0 20  5  7 ]

>MA0589.1	ZAP1
A  [ 0  0  0 50  0  1  2 32  2  2  8 ]
C  [ 0  0  0  0 50 47  5 11  7 28 20 ]
G  [ 0  0 50  0  0  1 40  4 37  5  5 ]
T  [50 50  0  0  0  1  3  3  4 14 13 ]

>MA0590.1	LFY
A  [ 32 266  56  20 126 228  10   0  94  35  10  19   8  50   4 360 325  80 199 ]
C  [104  13  75   7   0  43 364 358   2 174 273   0   0   2 246 178  12  17  49 ]
G  [ 49  17  12 178 246   2   0   0 273 174   2 358 364  43   0   7  75  13 104 ]
T  [199  80 325 360   4  50   8  19  10  35  94   0  10 228 126  20  56 266  32 ]

>MA0930.1	ABF3
A  [971  10 971  10  10  10  10  10 ]
C  [ 10 971  10 971  10  10  10  10 ]
G  [ 10  10  10  10 971  10 971  10 ]
T  [ 10  10  10  10  10 971  10 971 ]

>MA0931.1	ABI5
A  [181  87 608   0 999   0   0   0 152 164 ]
C  [257  87 314 922   0 999   0   0  70 164 ]
G  [257 660   0  78   0   0 999   0 709 337 ]
T  [306 167  78   0   0   0   0 999  70 336 ]

>MA0932.1	AHL12
A  [772 843 484 332 660 497  98  64 ]
C  [ 18  35  14   6   3   5  24 146 ]
G  [146  24   5   3   6  14  35  18 ]
T  [ 64  98 497 660 332 484 843 772 ]

>MA0933.1	AHL20
A  [774 753 120 250 774 843 648  54 ]
C  [ 66   6   4   6   4   8  12  28 ]
G  [ 73   5  13   6   4   1   3  18 ]
T  [ 88 235 862 738 218 148 337 900 ]

>MA0934.1	AHL25
A  [872 616 207 225 770 786 375  49 ]
C  [ 26   4   4   3   2   3   6  53 ]
G  [ 53   6   3   2   3   4   4  26 ]
T  [ 49 375 786 770 225 207 616 872 ]

>MA0935.1	NAC025
A  [  1 965   0   0   0 827 930  50 ]
C  [421   0 999   0 276 173   0 599 ]
G  [  1  35   0 999  69   0   0  50 ]
T  [578   0   0   0 655   0  69 300 ]

>MA0936.1	T11I18.17
A  [544  66 813 102  94 143 459 805 ]
C  [217 630 120 858  49 565 402  40 ]
G  [ 80  38  43  24 812 112  48  96 ]
T  [159 267  24  16  45 180  91  59 ]

>MA0937.1	NAC055
A  [796  19 970  22  16  14 878 866 ]
C  [ 26 774  18 960  16 116  80   9 ]
G  [ 44  18   4   6 948 134   4   4 ]
T  [134 188   9  12  20 736  37 121 ]

>MA0938.1	NAC058
A  [370  95 913 257  26 116 628 770 ]
C  [124 674  34 694  38 693 245  88 ]
G  [344  55  22  26 908  72  20  26 ]
T  [162 177  31  23  28 120 107 116 ]

>MA0939.1	NAC080
A  [665   1 998   1   1   1 784 998 ]
C  [  1 691   1 998   1 855  72   1 ]
G  [222   1   1   1 998   1   1   1 ]
T  [112 308   1   1   1 143 143   1 ]

>MA0940.1	AP1
A  [225  33 773 719 965 733 632 125  78  45 666 790 ]
C  [694 622  15  14   8   4  35  42  15  13  36  73 ]
G  [ 10  10  64  27   8   4 147 147 890 862 132  81 ]
T  [ 71 335 148 240  19 259 186 686  17  80 166  56 ]

>MA0941.1	ABF2
A  [231 308 191 274 699   0 999   0  19  19 218 213 229 ]
C  [308 231 268 120 177 840   0 917  19  19  59 130 229 ]
G  [231 231 191 403 103   0   0   0 942  19 664 287 229 ]
T  [231 231 350 202  21 159   0  82  19 942  59 371 312 ]

>MA0942.1	ARF1
A  [722   3   4   4 989   2 901 262 ]
C  [  2 993 993   2   3 993   4 220 ]
G  [276   1   2 992   1   2  88 207 ]
T  [  1   4   2   1   7   2   8 312 ]

>MA0943.1	ARF5
A  [303   9  97  12 952   2 773 491 ]
C  [160 969 898   1   1 992 224  98 ]
G  [477  15   4 985  46   3   2 218 ]
T  [ 59   8   2   2   1   3   2 193 ]

>MA0944.1	ARF8
A  [270 225   4  38   0  54  61 121 228 ]
C  [233 259   0   1  13 863  27 138 337 ]
G  [204 106  90 900   0   2 798 651 217 ]
T  [293 410 906  60 987  82 114  89 219 ]

>MA0945.1	ARR1
A  [406 172 297 306 423 965  21  56 143 257 ]
C  [168 292 466  83  22   0   1 897 156 190 ]
G  [208 343 139 564 235   0   1   4  91 181 ]
T  [218 192  99  47 320  34 977  43 609 372 ]

>MA0946.1	ARR11
A  [625 927   5 989   7 732   3  14 ]
C  [ 51  11   2   2   3  22 833   5 ]
G  [ 55  29 982   4   2   4   2 968 ]
T  [269  32  11   4 987 242 162  13 ]

>MA0947.1	ARR14
A  [945   2 991   2 506   1  10  83 ]
C  [  5   1   1   3 154 960   5 484 ]
G  [ 26 984   3   2   1   1 960 401 ]
T  [ 24  13   5 993 339  38  26  32 ]

>MA0948.1	ARR18
A  [324 202 274 329 834   0 999   0 728  48 159 341 225 ]
C  [225 202 370 186  25  88   0   0  25 673  72 243 225 ]
G  [225 202 178 194  25 912   0   0  25  48 697 264 225 ]
T  [225 394 178 290 115   0   0 999 222 231  72 151 326 ]

>MA0949.1	ARR2
A  [ 174  338  214  476 1000    0    0    0  162  205 ]
C  [ 257  572    0    0    0    0 1000    0   76  205 ]
G  [ 394   45  786  214    0    0    0    0   76  205 ]
T  [ 174   45    0  309    0 1000    0 1000  687  386 ]

>MA0950.1	ATHB-12
A  [579 668  18  48 965   9  30 128 ]
C  [191  46  35 201   7   8  10  18 ]
G  [107  53   6 633  15  17  19 766 ]
T  [124 233 941 118  13 966 940  88 ]

>MA0951.1	ATHB-16
A  [ 72 999 999   0 545 999   0  67 ]
C  [214   0   0   0 318   0   0   1 ]
G  [  1   0   0   0 137   0   0  67 ]
T  [713   0   0 999   0   0 999 865 ]

>MA0952.1	ATHB-51
A  [691 985   2 411 990  10   5 105 ]
C  [253   5   8   6   2   2  18  18 ]
G  [  4   4   1   3   5   4  12 777 ]
T  [ 51   7 988 580   3 984 965 100 ]

>MA0953.1	ATHB-6
A  [177 149 745 886  20 356 924 106 234 ]
C  [252 524  89  71   6 310   5  66 111 ]
G  [287  85  73   1   1 128  38 130 266 ]
T  [284 243  92  42 972 206  32 698 389 ]

>MA0954.1	ATHB-7
A  [ 152   27 1000 1000    0    0 1000  291  183  223 ]
C  [ 338  828    0    0    0 1000    0    0   98  223 ]
G  [ 152   27    0    0    0    0    0    0  190  330 ]
T  [ 358  118    0    0 1000    0    0  709  528  223 ]

>MA0955.1	POPTR_0002s00440g
A  [201   9   8 951 153  41 188 ]
C  [266  29  11  43 706  80  50 ]
G  [325 954  99   5  29 859 696 ]
T  [209   7 882   0 112  19  67 ]

>MA0956.1	BEE2
A  [256 211 136 893  23 157  74 104 218 255 ]
C  [253 229 722   0 820   0  33  38 342 236 ]
G  [236 342  38  33   0 820   0 722 229 253 ]
T  [255 218 104  74 157  23 893 136 211 256 ]

>MA0957.1	BHLH3
A  [258  45 950  10  42  22  11  44 ]
C  [ 94 930   7 937  12  20  14 603 ]
G  [603  14  20  12 937   7 930  94 ]
T  [ 44  11  22  42  10 950  45 258 ]

>MA0958.1	BHLH13
A  [295  53 992   1  15   4   1  38 ]
C  [116 945   2 952   1   4   2 696 ]
G  [569   1   3   1 982   1 987  65 ]
T  [ 20   1   4  46   1 991  10 201 ]

>MA0959.1	AIB
A  [ 76  59 966   0  94   5   2   8 ]
C  [ 14 939   1 903   2  28   1 901 ]
G  [901   1  28   2 903   1 939  14 ]
T  [  8   2   5  94   0 966  59  76 ]

>MA0960.1	BHLH104
A  [130  15   6 996   0   1   0   0  45  22 ]
C  [ 26  74 994   0 999   0   4   0 866 822 ]
G  [822 866   0   4   0 999   0 994  74  26 ]
T  [ 22  45   0   0   1   0 996   6  15 130 ]

>MA0961.1	BHLH112
A  [ 221    0  177 1000    0    0    0    0  218 ]
C  [ 250 1000  823    0 1000    0    0    0  343 ]
G  [ 306    0    0    0    0    0    0 1000  217 ]
T  [ 222    0    0    0    0 1000 1000    0  223 ]

>MA0962.1	BHLH34
A  [154   0 727   0   0   0   0  96 ]
C  [ 39 999   0 848   0   0   0 143 ]
G  [653   0 242   0 999   0 999 476 ]
T  [154   0  31 152   0 999   0 286 ]

>MA0963.1	BHLH78
A  [ 10  10 971  10  10  10  10  10 ]
C  [ 10 971  10 971  10  10  10 971 ]
G  [971  10  10  10 971  10 971  10 ]
T  [ 10  10  10  10  10 971  10  10 ]

>MA0964.1	BIM1
A  [219 126 582  59 140   1   3 375 147 257 ]
C  [250 655 101 766  62  23   2 301 344 262 ]
G  [281 101 184  23 795   0 990 148 242 257 ]
T  [250 118 132 152   3 976   6 176 268 225 ]

>MA0965.1	BIM2
A  [244 167  53 962  22  92  14  49 317 205 ]
C  [261 143 897   0 885   0  24   1 373 290 ]
G  [290 373   1  24   0 885   0 897 143 261 ]
T  [205 317  49  14  92  22 962  53 167 244 ]

>MA0966.1	BIM3
A  [294 159  74 942  15  67  33  96 243 233 ]
C  [203 165 821   0 918   0  25   8 433 270 ]
G  [270 433   8  25   0 918   0 821 165 203 ]
T  [233 243  96  33  67  15 942  74 159 294 ]

>MA0967.1	BZIP60
A  [ 18  26 892  13 175  49  74 893 ]
C  [ 64  59  17 799  13  43 840  24 ]
G  [ 24 840  43  13 799  17  59  64 ]
T  [893  74  49 175  13 892  26  18 ]

>MA0968.1	bZIP68
A  [252 184 621  70 116  28  32   2 289 ]
C  [336 332 131 651 163  58   0  73 476 ]
G  [123 264 137 148 634   0 951 542 134 ]
T  [289 220 111 131  88 914  17 382 101 ]

>MA0969.1	CMTA2
A  [313 327 393 220  26  18  31   8   7 ]
C  [203 237 121 438 955  11 682   7  11 ]
G  [220 176 243 306   8 970   7 970  54 ]
T  [264 260 243  36  11   1 280  15 928 ]

>MA0970.1	CMTA3
A  [233  14  32  68  37   1 231 290 241 ]
C  [540 974   0 664   0   1 274 247 258 ]
G  [184   5 962   1 963   0 211 250 251 ]
T  [ 43   8   6 267   0 998 285 213 251 ]

>MA0971.1	DREB1A
A  [590 139   2  10   5   0  48  16 341 322 ]
C  [118 159   0  14 991   0   0 504 240 205 ]
G  [126 137 997   3   4 994 948  19 279 322 ]
T  [166 565   1 973   1   6   3 461 140 152 ]

>MA0972.1	CCA1
A  [934 960 985  35 992   1   5  21 ]
C  [  1   1   4   0   5  12 991  91 ]
G  [ 10  37  10   5   1   1   0  14 ]
T  [ 54   2   1 960   2 986   4 874 ]

>MA0973.1	CDF2
A  [334 608 693 980 979 868  17  53 328 299 ]
C  [284  92  16  10  10  29   7 295  77 282 ]
G  [235 150  41   4   2  81 969 154 395 155 ]
T  [148 150 250   5   9  22   6 498 200 264 ]

>MA0974.1	CDF3
A  [447 607 994 989 880  19  70 222 286 ]
C  [143  29   3   5  27   7 291 102 343 ]
G  [220  65   1   0  83 969 160 495 169 ]
T  [191 298   2   6  10   6 479 180 202 ]

>MA0975.1	CRF2
A  [ 44 108   0   0   0   0  23 118 ]
C  [478 783   0 977 999   0 931 735 ]
G  [348  81 999  23   0 999   0  59 ]
T  [131  27   0   0   0   0  46  88 ]

>MA0976.1	CRF4
A  [  70  108    0    0    0    0   68   97 ]
C  [ 326  769    0  974 1000   13  756  790 ]
G  [ 535   62 1000   25    0  987   68   65 ]
T  [  70   62    0    0    0    0  108   49 ]

>MA0977.1	DOF2.5
A  [756 598 990 986 744   4   8 238 ]
C  [ 26   1   1   1   1   1 198  44 ]
G  [182  12   4   8 254 977  65 557 ]
T  [ 36 389   5   6   1  18 729 160 ]

>MA0978.1	DREB1E
A  [978   9   6   3   3   2 169   1 ]
C  [  2  15   1   3 992   2   0 790 ]
G  [ 15   3 991   2   1 992 828   1 ]
T  [  4 973   3 992   4   4   2 208 ]

>MA0979.1	ERF008
A  [148 335  27  39  66 320  70 100 ]
C  [787  15 889 934  44 524 828 417 ]
G  [ 24 634  58  19 865  56  68 329 ]
T  [ 41  17  26   8  26 101  34 154 ]

>MA0980.1	RAP2-10
A  [ 33  22 117   6   4   9   8  33 ]
C  [128 942   5 912 981   7 838 859 ]
G  [757  14 872  78   9 952  85  16 ]
T  [ 83  22   7   4   6  32  69  92 ]

>MA0981.1	DOF1.8
A  [251 321 415 812 831 658  65 170 268 288 ]
C  [259 197 100  72  64 233  23 241 189 209 ]
G  [256 250 135  38   3  27 846 231 270 269 ]
T  [234 233 350  77 102  83  65 359 273 234 ]

>MA0982.1	DOF2.4
A  [381 426 807 815 658  81 177 ]
C  [171  90  71  66 252  73 242 ]
G  [233 127  18   1  16 762 210 ]
T  [215 356 104 118  75  84 371 ]

>MA0983.1	DOF5.6
A  [254 364 432 955 928 613  50 152 ]
C  [257 170  84  35  40 308  28 247 ]
G  [262 227 108   1   1  56 884 213 ]
T  [228 239 376  10  32  24  38 388 ]

>MA0984.1	DOF5.7
A  [448 684 970 899 363 485 102 174 ]
C  [ 86  12   4   3  42  61 191 215 ]
G  [224  61  10  79 589 443 460 408 ]
T  [241 243  16  19   6  11 247 204 ]

>MA0985.1	DRE1C
A  [990   3   3   3   3   3   3   5 ]
C  [  3   3   3   3 990   3   3 495 ]
G  [  3   3 990   3   3 990 990   5 ]
T  [  3 990   3 990   3   3   3 495 ]

>MA0986.1	DREB2C
A  [110 809   4   7   8 776   5 806 ]
C  [757   3 985 986   3 158 977  50 ]
G  [121 185   3   3 984  47   5  27 ]
T  [ 13   3   8   4   4  19  13 117 ]

>MA0987.1	PHYPADRAFT_140773
A  [243 302 396 888 892 715  72 182 271 280 ]
C  [266 215 111  43  46 205  22 258 193 218 ]
G  [253 260 173  10   1  28 839 229 271 272 ]
T  [238 222 321  60  61  52  67 331 265 229 ]

>MA0988.1	PHYPADRAFT_143875
A  [250 208 106 923  22  39  66  38 169 256 ]
C  [272 231 844   0 940   0  10  12 392 222 ]
G  [222 392  12  10   0 940   0 844 231 272 ]
T  [256 169  38  66  39  22 923 106 208 250 ]

>MA0989.1	PHYPADRAFT_153324
A  [253 334 482 861 926 672  71 139 285 ]
C  [264 193  71  62  36 147  27 288 158 ]
G  [261 255 118  13   0  52 898 195 297 ]
T  [222 218 330  65  38 129   5 378 260 ]

>MA0990.1	EDT1
A  [209 582 495  57 315 922 833 135  81 220 ]
C  [392 256  27  11  55  28  39  26  25 504 ]
G  [115  67  70   9  33  43  23   1 756  49 ]
T  [285  94 409 923 598   7 105 839 137 227 ]

>MA0992.1	ERF4
A  [169  65  24  12  12   6  56 123 ]
C  [517 726  18 899 976   6 662 800 ]
G  [225 115 952  83  12 988 131  39 ]
T  [ 90  94   6   6   0   0 150  39 ]

>MA0993.1	ERF7
A  [263  77  48 129  90 146 212 419 276 279 ]
C  [442  14 868 770  25 456 593 174 208 209 ]
G  [140 874  84  36 875 132  66 210 198 201 ]
T  [156  35   0  65  10 266 128 198 317 312 ]

>MA0994.1	ERF8
A  [202  38   9 114  75 154 197 449 273 290 ]
C  [572   0 908 807  53 452 605 175 206 206 ]
G  [ 97 959  64  31 841 151  58 184 185 192 ]
T  [129   3  19  48  31 243 139 192 336 311 ]

>MA0995.1	ERF039
A  [250 165  43 115   4   6  19  20 244 261 ]
C  [236 242  11  86 989   2   8 416 170 225 ]
G  [274 120 912 140   2 980 965  39 395 316 ]
T  [240 473  34 660   5  12   7 524 190 198 ]

>MA0996.1	ERF043
A  [  1   1   1   1   1   1   1 200 ]
C  [ 77   1   1 998   1   1 250 101 ]
G  [  1 998   1   1 998 998   1 599 ]
T  [921   1 998   1   1   1 749 101 ]

>MA0997.1	ERF069
A  [193 197  18  61  98 179 138 224 351 ]
C  [294 471   0 828 680   0 419 404 209 ]
G  [315 175 982  86  76 820 212 193 231 ]
T  [197 157   0  24 146   0 230 180 209 ]

>MA0998.1	ERF096
A  [193 289  34  32  97  43 129  35 384 233 ]
C  [300 468  13 905 850  10 591 903 176 254 ]
G  [280 167 939  36  21 928 131  24 240 223 ]
T  [227  76  13  27  32  19 149  38 200 290 ]

>MA0999.1	ERF098
A  [215 248  96  26 151 192 190 125 ]
C  [317 356  63 746 769  39 448 677 ]
G  [270 222 804 166  10 756 170  99 ]
T  [198 173  37  62  70  13 192  98 ]

>MA1000.1	ERF105
A  [  1   1   1   1   1   1   1 101 ]
C  [126   1 998 927   1 143 998 101 ]
G  [250 998   1  72 998 855   1 698 ]
T  [623   1   1   1   1   1   1 101 ]

>MA1001.1	ERF11
A  [206 213 109  25 145 131 190 258 424 276 ]
C  [313 494   0 835 704  10 383 490 162 196 ]
G  [316 123 887  55  51 828 154  77 181 204 ]
T  [165 169   4  85  99  31 273 175 233 324 ]

>MA1002.1	ERF112
A  [189 100 223  15   0  42  36 171 236 478 ]
C  [240 436 605   1 997 951  28 518 661 133 ]
G  [392 346 117 913   2   4 903 101  37 240 ]
T  [180 118  54  72   1   3  33 211  67 150 ]

>MA1004.1	ERF13
A  [217   0  16   0   0  97   0 461 ]
C  [478  49 951 983  16 645 999 103 ]
G  [283 951  32  16 983 145   0 282 ]
T  [ 22   0   0   0   0 113   0 154 ]

>MA1005.1	ERF3
A  [ 80  14   0   0  14  57  79 581 ]
C  [760   0 885 985   0 643 904  23 ]
G  [ 80 985 114  14 985 186   0 279 ]
T  [ 80   0   0   0   0 114  16 116 ]

>MA1006.1	ERF6
A  [ 291   78    0    0    0    0    0    0  159  172 ]
C  [ 352  221    0 1000 1000    0   88 1000  156  278 ]
G  [ 179  166 1000    0    0 1000  912    0  530  257 ]
T  [ 179  535    0    0    0    0    0    0  155  294 ]

>MA1007.1	PHYPADRAFT_173530
A  [ 72   0  50   0   0   0   0  84 ]
C  [  1   0   0 999   0   0 150   1 ]
G  [286 999   0   0 999 999   0 665 ]
T  [642   0 949   0   0   0 849 250 ]

>MA1008.1	PHYPADRAFT_182268
A  [ 292  144    0    0    0    0    0    0   70  292 ]
C  [ 180   79    0    0 1000    0    0   76   70  246 ]
G  [ 180  288 1000    0    0 1000 1000    0  789  291 ]
T  [ 348  489    0 1000    0    0    0  924   70  171 ]

>MA1009.1	ARF3
A  [  2   2   1   2   2   3 618 575 ]
C  [  4   3  16 990   8  24 124  95 ]
G  [ 77 991   2   1 980 964 212 191 ]
T  [917   3 981   6  10  10  46 139 ]

>MA1010.1	PHYPADRAFT_64121
A  [ 264   41   20  107   20    0   87    0  608  288  309  309  309 ]
C  [ 273   41   20   20  941   87    0    0   70  209  230  230  230 ]
G  [ 180   41  853  125   20  912  912    0  158  209  230  230  230 ]
T  [ 283  877  107  748   20    0    0 1000  164  294  230  230  230 ]

>MA1011.1	PHYPADRAFT_72483
A  [264 210  69 806  55 146  87  64 337 190 ]
C  [238 181 849   0 800   0 106  17 272 308 ]
G  [308 272  17 106   0 800   0 849 181 238 ]
T  [190 337  64  87 146  55 806  69 210 264 ]

>MA1012.1	AGL27
A  [460  95   1   1 158   1   1 777 269  78  31 127  79 301  95 ]
C  [ 64 635  46   1   1 997 332   1  47   1   1 222 143   1   1 ]
G  [143 190   1   1  15   1   1   1   1   1   1  16 349 667 650 ]
T  [334  80 952 997 826   1 666 221 683 920 967 635 429  31 254 ]

>MA1013.1	GATA10
A  [100 841   0 999   0   0   0 111 ]
C  [ 67  27   0   0   0 999 111 111 ]
G  [133 132 999   0   0   0  84 740 ]
T  [699   0   0   0 999   0 805  37 ]

>MA1014.1	GATA11
A  [167 902   0 999   0   0   0  44 ]
C  [ 42   0   0   0   0 999   0 131 ]
G  [167  97 999   0   0   0   0 695 ]
T  [624   0   0   0 999   0 999 131 ]

>MA1015.1	GATA12
A  [190 599 189 968   7   6  59 382 ]
C  [282 112  67   2  22 738 230 146 ]
G  [146 230 738  22   2  67 112 282 ]
T  [382  59   6   7 968 189 599 190 ]

>MA1016.1	GATA15
A  [206 308 182  40 980   3  55 324 269 ]
C  [281 200 288  38   0   1 663 201 239 ]
G  [217 284  66 903   0   0 156 268 280 ]
T  [296 208 465  19  19 996 126 207 212 ]

>MA1017.1	GATA8
A  [207 476  59 991   2  27  60 384 314 ]
C  [319 241  29   1  21 649 379 158 187 ]
G  [261 152 899   2   0 132 108 369 320 ]
T  [214 131  13   6 977 192 453  89 179 ]

>MA1018.1	GATA9
A  [ 227  161  204  925    0 1000    0    0   23  294  296 ]
C  [ 227  516  291    0    0    0    0 1000   97   89  199 ]
G  [ 227  161   51   74 1000    0    0    0   23  452  199 ]
T  [ 318  161  453    0    0    0 1000    0  858  165  305 ]

>MA1019.1	Glyma19g26560.1
A  [104  19  86 109  42   3   4 896  17 ]
C  [199  14  19 307 882 996 976  17 844 ]
G  [480 908 861 440  27   1   0  76  50 ]
T  [218  59  33 144  49   0  20  11  89 ]

>MA1020.1	GT-1
A  [  0   0  30 999 971  30   0 624 ]
C  [150  67   0   0  29 970 939 167 ]
G  [649   0   0   0   0   0   0 125 ]
T  [200 932 970   0   0   0  61  84 ]

>MA1021.1	PHYPADRAFT_48267
A  [154   1 998   1  53   1   1 143 ]
C  [461 998   1 998   1   1   1 642 ]
G  [154   1   1   1 946   1 998  72 ]
T  [231   1   1   1   1 998   1 143 ]

>MA1022.1	PHYPADRAFT_38837
A  [251 343 463 828 855 644  61 150 259 283 ]
C  [264 186  85  68  62 216  27 269 174 262 ]
G  [257 254 129  24   1  54 860 207 307 227 ]
T  [228 217 323  81  82  86  52 374 259 227 ]

>MA1023.1	PHYPADRAFT_28324
A  [ 72   0   0   0   0   0   0 118 ]
C  [ 72   0   0 999   0   0 217   1 ]
G  [286 999   0   0 999 999   0 705 ]
T  [571   0 999   0   0   0 782 177 ]

>MA1024.1	HAT1
A  [ 149   69 1000 1000    0    0 1000   98  101  349 ]
C  [ 374  506    0    0    0 1000    0    0  101  181 ]
G  [ 328   69    0    0    0    0    0    0  286  289 ]
T  [ 149  356    0    0 1000    0    0  902  512  181 ]

>MA1025.1	HBI1
A  [ 229  229  132   24    0 1000    0    0   21   21  202  226 ]
C  [ 313  229  240  106 1000    0  904    0   21   21  485  226 ]
G  [ 229  313  315  762    0    0    0 1000   21  936  195  226 ]
T  [ 229  229  313  108    0    0   95    0  936   21  118  322 ]

>MA1026.1	ATHB-15
A  [ 93 722 926  46 274 928  26  28 ]
C  [172 193  32  10  62  16  15  57 ]
G  [ 60  57  15  16 282  10  32 193 ]
T  [675  28  26 928 381  46 926 722 ]

>MA1027.1	KAN1
A  [433 259 618 128 898  54  36  63 ]
C  [129 213  16 192  14  87 147 876 ]
G  [237 285  43  58  68  19 169  18 ]
T  [200 242 323 623  20 840 648  44 ]

>MA1028.1	KAN4
A  [ 11 941 905   2 893  92  21  14 ]
C  [ 10  12   2 102   3   2  26 965 ]
G  [965  26   2   3 102   2  12  10 ]
T  [ 14  21  92 893   2 905 941  11 ]

>MA1030.1	P0510F09.23
A  [416 535 416  26  41  10 832 373 266 241 ]
C  [113  24 562 962 928   1  32 132 258 256 ]
G  [ 60 369   7   1  27   0  83 389 226 220 ]
T  [411  72  15  11   4 989  54 106 250 283 ]

>MA1031.1	OJ1581_H09.2
A  [ 175   74    0    0  127  112    0   71  445  279 ]
C  [ 131  146    0    0  101  661 1000  929  335  414 ]
G  [ 414  335  929 1000  661  101    0    0  146  131 ]
T  [ 279  445   71    0  112  127    0    0   74  175 ]

>MA1032.1	DREB1G
A  [314 119 180   0   0   0 884   0 845 131 ]
C  [229 226   0 999 999   0   0 999  22 219 ]
G  [229 119 820   0   0 999 115   0  22 221 ]
T  [229 535   0   0   0   0   0   0 111 430 ]

>MA1033.1	OJ1058_F05.8
A  [661   3 990   3   3   3   3   5 ]
C  [332 990   3 990   3   3   3   5 ]
G  [  3   3   3   3 990   3 990 495 ]
T  [  3   3   3   3   3 990   3 495 ]

>MA1034.1	Os05g0497200
A  [  3   3   3   3   3   3   3 495 ]
C  [990   3 661 990   3 990 990   5 ]
G  [  3 990 332   3 990   3   3 495 ]
T  [  3   3   3   3   3   3   3   5 ]

>MA1035.1	TCP4
A  [112   1   1 831   1   1 997   1 ]
C  [  1   1   1 167 998 998   1 996 ]
G  [775 998 998   1   1   1   1   1 ]
T  [112   1   1   1   1   1   1   1 ]

>MA1036.1	MYB111
A  [229   5   3 874  18   6   6 525 ]
C  [  4   2  12   7   4   8   4  30 ]
G  [757 636   4  10 976 858   5 390 ]
T  [ 10 357 981 109   2 128 985  55 ]

>MA1037.1	MYB24
A  [293 369 287  25  50 542  53  51  39 ]
C  [213 158  20   0  60 206  26   5 360 ]
G  [260 243 596 253   0  60 879 860  19 ]
T  [235 231  97 722 889 192  42  84 582 ]

>MA1038.1	MYB3
A  [ 285   59   20    0  929    0    0    0  650  273  311 ]
C  [ 176   59   20    0    0    0    0    0   74  191  230 ]
G  [ 279  823  771    0    0 1000 1000    0  202  345  230 ]
T  [ 260   59  188 1000   71    0    0 1000   74  191  230 ]

>MA1039.1	MYB4
A  [253   9   0 565  26  18  10 319 ]
C  [ 36   0   9   9   0  18   0  73 ]
G  [674 766   0  35 974 777   0 536 ]
T  [ 36 225 991 391   0 188 990  73 ]

>MA1040.1	MYB46
A  [ 81   3   6 836   4   5   2 580 ]
C  [  3   2   7  30   4   3  33  24 ]
G  [911 387   1   6 991 898   1 358 ]
T  [  5 608 985 128   2  95 964  38 ]

>MA1041.1	MYB55
A  [980  48   2 227 979 267   2 118 ]
C  [  1 946 989  49   1 730 958  54 ]
G  [ 16   2   2  23  16   1   1 756 ]
T  [  3   4   6 701   4   2  39  72 ]

>MA1042.1	MYB59
A  [357  17  31 874  17  24  39 552 ]
C  [ 14   7  14  39   8  11  40 267 ]
G  [548 114   6  17 956 948   5  23 ]
T  [ 80 862 949  71  19  18 916 158 ]

>MA1043.1	NAC083
A  [ 427   25 1000    0    0    0 1000 1000  126  225 ]
C  [ 124  327    0 1000    0  598    0    0  522  325 ]
G  [ 124   25    0    0 1000    0    0    0  126  225 ]
T  [ 325  623    0    0    0  402    0    0  226  225 ]

>MA1044.1	NAC92
A  [ 227  318  559   22  909  430    0  224  247  932  274  314 ]
C  [ 227  227   80  935    0  480    0  497  607   23  299  229 ]
G  [ 227  227  282   22    0    0 1000   92   23   23  256  229 ]
T  [ 318  227   80   22   91   91    0  186  123   23  170  229 ]

>MA1045.1	NAC043
A  [ 444   46  442  719   76    0    0 1000  806  310 ]
C  [ 185   46    0    0  924    0  245    0   65  205 ]
G  [ 185   46   83  280    0 1000    0    0   65  205 ]
T  [ 185  863  475    0    0    0  755    0   65  280 ]

>MA1046.1	NTL9
A  [ 10   5 985 985   5   5 985 985  10 ]
C  [ 10   5   5   5   5   5   5   5  10 ]
G  [ 10   5   5   5 985   5   5   5  10 ]
T  [971 985   5   5   5 985   5   5 971 ]

>MA1047.1	TGA5
A  [ 444    0    0  984    0   16    0  353 ]
C  [ 244    0    0    0 1000    0   98  294 ]
G  [ 289    0  906   16    0  984    0  206 ]
T  [  22 1000   94    0    0    0  901  147 ]

>MA1048.1	ERF018
A  [581   1   6   2 718   3  44 735 ]
C  [  1 993 990   2   8 991 943  10 ]
G  [412   2   2 993  65   1   1  70 ]
T  [  6   4   1   2 208   5  12 184 ]

>MA1049.1	ERF094
A  [346   0   0 122  25   0   0 241 ]
C  [461   0 999 877   0 951 999 104 ]
G  [192 999   0   0 975  49   0 482 ]
T  [  0   0   0   0   0   0   0 173 ]

>MA1050.1	OsI_08196
A  [  1  46  91   0   0   0 899   1 ]
C  [  1   0  91 863 999 999  50 855 ]
G  [946 953 726  46   0   0  50  72 ]
T  [ 53   0  91  91   0   0   0  72 ]

>MA1051.1	RAP2-3
A  [119 147   7   6  16   6 109 257 ]
C  [232 761   6 746 977   3 780 664 ]
G  [543  33 982 244   4 976  26   6 ]
T  [107  58   5   4   3  15  85  73 ]

>MA1052.1	RAP2-6
A  [ 34  27   7   2  12   4  20  66 ]
C  [271 958   2 894 985   3 947 921 ]
G  [681   7 989 104   2 990  14   2 ]
T  [ 14   8   2   1   1   3  20  10 ]

>MA1053.1	ERF109
A  [ 38  50   3   3  13   4  38 207 ]
C  [287 936   5 827 982  13 862 773 ]
G  [661   8 989 168   2 978  13   2 ]
T  [ 13   6   3   2   3   5  86  18 ]

>MA1054.1	ARALYDRAFT_897773
A  [ 92  27  36  17  40 756   2   1 862  20 ]
C  [278  79   4   7 125 215 949 995   2 907 ]
G  [167 491 877 957 826   7  47   2 132   6 ]
T  [463 402  83  19   9  22   2   1   4  67 ]

>MA1055.1	SPL1
A  [ 31  10  14   2 984   2  53  81 ]
C  [880 924   2   8   6 982  13   8 ]
G  [  8  13 982   6   8   2 924 880 ]
T  [ 81  53   2 984   2  14  10  31 ]

>MA1056.1	SPL11
A  [ 229  314  172  147    0    0 1000    0   21   21  572  188 ]
C  [ 229  229  318  624    0    0    0 1000   21   21   78  271 ]
G  [ 229  229  172   63 1000    0    0    0  936  773   78  188 ]
T  [ 314  229  339  166    0 1000    0    0   21  185  271  353 ]

>MA1057.1	SPL12
A  [272 143   8 947   5  76 249 278 ]
C  [182  49  38  46 994  78  53 262 ]
G  [211 761  12   5   0 744 538 151 ]
T  [335  47 942   2   1 102 159 310 ]

>MA1058.1	SPL4
A  [233 208  44 934  44 197 264 252 269 ]
C  [327  54  83  51 893 106 104 252 258 ]
G  [198 636  26  11   5 557 414 205 195 ]
T  [242 102 847   3  57 140 218 290 277 ]

>MA1059.1	SPL5
A  [185 234 142  22 926  10  84 178 250 ]
C  [172 195  53  37  67 974  60  59 299 ]
G  [290 229 739  15   6   0 778 575 155 ]
T  [354 342  66 927   0  15  79 188 296 ]

>MA1060.1	SPL7
A  [ 51  42  43 885  39  65 286 118 ]
C  [777  26  12  62 922 106 208 614 ]
G  [123 912  89  22  14 798 365  41 ]
T  [ 49  20 856  31  25  31 142 227 ]

>MA1061.1	SPT
A  [202  47   0 885   9  88   0  84 221 ]
C  [427 568 961   0 910   0  12 115 301 ]
G  [208 255   0  99   0 912   0 724 237 ]
T  [163 129  39  16  80   0 988  76 242 ]

>MA1062.1	TCP15
A  [  6   5  60   8   2   3 949   6 ]
C  [  2   3 138 950 990 986  12 962 ]
G  [978 989 771   6   1   2  36  20 ]
T  [ 14   2  30  36   7   9   3  12 ]

>MA1063.1	TCP19
A  [148 137  32 112 190 109  13   0 841   0 ]
C  [221 151   7  57 283 739 961 999  29 812 ]
G  [181 506 846 778 409  22   1   0 128 106 ]
T  [450 206 115  53 118 130  25   1   2  81 ]

>MA1064.1	TCP2
A  [217  88  35   0  68 333  19 121 564 186 ]
C  [168 194   0   0  78 521 981 844 154 429 ]
G  [429 154 844 981 521  78   0   0 194 168 ]
T  [186 564 121  19 333  68   0  35  88 217 ]

>MA1065.1	TCP20
A  [ 46 111  91  55   2   7 825  25 300 286 ]
C  [ 30  23 356 878 997 956  61 825 338 227 ]
G  [802 795 418   1   1   3  77  84 157 244 ]
T  [121  71 134  66   0  34  38  67 205 244 ]

>MA1066.1	TCP23
A  [  5  10  37   7   4  12 954  10 ]
C  [  3   5  88 971 984 980  10 959 ]
G  [966 980 835   8   8   3  31  11 ]
T  [ 26   5  41  13   4   6   5  21 ]

>MA1067.1	TCP5
A  [  2   2   2 995   2   2 995   2 ]
C  [  2   2   2   2 995 995   2 745 ]
G  [993 995 995   2   2   2   2   2 ]
T  [  2   2   2   2   2   2   2 250 ]

>MA1068.1	TGA2
A  [961   1  24   6  27 989   2  78 ]
C  [  1 980   2   5 970   2 110 704 ]
G  [ 24   3 974   1   2   7 380 161 ]
T  [ 13  16   1 988   1   3 508  58 ]

>MA1069.1	TGA6
A  [ 210  428    0    0 1000    0    0    0  277  665 ]
C  [ 210  211    0    0    0 1000    0    0  599   98 ]
G  [ 330  209    0 1000    0    0 1000    0   84  138 ]
T  [ 251  152 1000    0    0    0    0 1000   40   98 ]

>MA1070.1	TGA7
A  [188 355  10  77 923   5  38  50 261 599 ]
C  [207 161   5   4  13 860   2 162 574  63 ]
G  [342 484   5 867   1  20 808  46  97 120 ]
T  [263   0 980  52  63 115 152 742  68 218 ]

>MA1071.1	DOF5.3
A  [247 327 396 842 850 611  66 ]
C  [247 213 128  61  79 329  52 ]
G  [262 228 146  17   0  14 767 ]
T  [244 233 331  81  70  47 116 ]

>MA1073.1	TRB2
A  [ 368  349  372    0    0    0  980  454 ]
C  [ 126    0  628 1000 1000    6    0   74 ]
G  [  69  611    0    0    0    0    7  398 ]
T  [ 437   40    0    0    0  994   13   74 ]

>MA1074.1	UNE10
A  [214   0 999   0   0   0   0 267 ]
C  [499 999   0 999   0   0   0 533 ]
G  [ 72   0   0   0 999   0 999  67 ]
T  [214   0   0   0   0 999   0 134 ]

>MA1075.1	WRKY12
A  [172  70  20  10   8 971  29  25 ]
C  [707  33  62  15   6   6 949 722 ]
G  [ 76 819   5  29 954  10   5 101 ]
T  [ 46  78 913 946  33  14  16 151 ]

>MA1076.1	WRKY15
A  [309 368   4   9  30 807 746 253 189 214 ]
C  [197  96   8   3 965 104  35 525 238 292 ]
G  [248 464 949   4   2  26 154  89 396 275 ]
T  [246  71  39 984   3  63  65 133 178 219 ]

>MA1077.1	WRKY18
A  [290 258 392   1   0   1 985 964 186 212 ]
C  [262 279  16   1   0 997   8  10 372 254 ]
G  [204 152 585 988   2   0   2  11 289 398 ]
T  [244 312   8  11 997   2   5  16 153 135 ]

>MA1078.1	WRKY2
A  [ 115  277    0    0    0  961  806  271 ]
C  [ 393   11    0    0 1000   19    0  528 ]
G  [ 246  713 1000    0    0   19  163   72 ]
T  [ 246    0    0 1000    0    0   31  129 ]

>MA1079.1	WRKY21
A  [281 321 403  51  91   0 869 780 208 159 ]
C  [223 195  87   0   4 999  66  10 607 209 ]
G  [249 224 407 910   2   0  21 162  65 429 ]
T  [247 260 103  39 904   1  44  47 120 203 ]

>MA1080.1	WRKY23
A  [698   1   1   1 998 998 167 143 ]
C  [  1   1   1 998   1   1 831 143 ]
G  [300 998   1   1   1   1   1 712 ]
T  [  1   1 998   1   1   1   1   1 ]

>MA1081.1	WRKY25
A  [ 59 265   0   0   0 999 903 184 ]
C  [500   0   0   0 999   0   0 631 ]
G  [118 734 999   0   0   0  58  79 ]
T  [323   0   0 999   0   0  39 105 ]

>MA1083.1	WRKY30
A  [395   1   1  23 903 861  62 130 205 214 ]
C  [132   6   2 976  55  20 783 227 327 221 ]
G  [437 989   1   0  14  78  44 481 265 251 ]
T  [ 37   3 996   0  27  42 110 162 203 313 ]

>MA1084.1	WRKY38
A  [152  69  26   8   9 955  16  15 ]
C  [672  28  30  23  16  17 951 679 ]
G  [ 73 849  21  39 961  10  13  17 ]
T  [104  55 923 930  14  18  20 289 ]

>MA1085.1	WRKY40
A  [246 378   1  32  23 672 591 247 ]
C  [267 127   1   0 977 148 105 270 ]
G  [204 439 912   0   0  49 123 270 ]
T  [283  55  86 967   1 130 182 213 ]

>MA1086.1	WRKY43
A  [374 509  53  74  87 798 765 256 332 231 ]
C  [213  92  18  14 892  62  32 460 196 311 ]
G  [169 342 877   4  11  61 131 108 310 218 ]
T  [245  58  52 908  11  79  71 176 163 240 ]

>MA1087.1	WRKY45
A  [ 60  15   6   4   4 988   6   8 ]
C  [875   4  18   3   3   5 986 531 ]
G  [ 25 892   2  11 985   2   3  11 ]
T  [ 40  89 974 982   7   4   5 450 ]

>MA1088.1	WRKY48
A  [262 263 326  21  21  63 662 538 269 234 ]
C  [237 231 154   0   0 930 145  76 386 232 ]
G  [265 252 410 869   0   1  66 228 155 313 ]
T  [235 255 111 110 978   6 127 159 190 221 ]

>MA1089.1	WRKY57
A  [398 408 499  38  30  52 879 817 260 199 ]
C  [177 173  76  17   0 914  48  14 508 207 ]
G  [202 161 312 870   0   7  23 113  87 386 ]
T  [223 258 114  75 969  27  50  56 145 207 ]

>MA1090.1	WRKY60
A  [ 270  106  136    0    0    0 1000 1000  258  145  228 ]
C  [ 278  409   22    0    0 1000    0    0  608  246  228 ]
G  [ 269  106  820 1000    0    0    0    0   67  465  228 ]
T  [ 183  380   22    0 1000    0    0    0   67  145  316 ]

>MA1091.1	WRKY62
A  [126 308   1   1   1 998 998 273 ]
C  [126   1   1   1 998   1   1 726 ]
G  [  1 691 998   1   1   1   1   1 ]
T  [748   1   1 998   1   1   1   1 ]

>MA1092.1	WRKY63
A  [200 157   0   0   0 999 981 128 ]
C  [371   0   0   0 999   0   0 513 ]
G  [143 843 999   0   0   0   0 231 ]
T  [286   0   0 999   0   0  19 128 ]

>MA1093.1	WRKY75
A  [ 302  500    0    0    0 1000 1000  260 ]
C  [ 279   17    0    0 1000    0    0  620 ]
G  [ 140  483 1000    0    0    0    0    0 ]
T  [ 279    0    0 1000    0    0    0  120 ]

>MA1094.1	WRKY8
A  [299 376  20  11  43 804 722 254 216 ]
C  [203 124   1   0 948  92  32 467 218 ]
G  [224 403 883   1   0  28 163 120 374 ]
T  [274  97  96 988   9  76  83 160 193 ]

>MA1095.1	ARALYDRAFT_495258
A  [  2 250   2   2   2   2 993   3 ]
C  [  2   2 498 993 993 993   2 990 ]
G  [993 745 498   2   2   2   2   3 ]
T  [  2   2   2   2   2   2   2   3 ]

>MA1096.1	ARALYDRAFT_496250
A  [  3   2   2 994   2   2 994   3 ]
C  [  3   2   2   2 994 994   2 990 ]
G  [990 994 994   2   2   2   2   3 ]
T  [  3   2   2   2   2   2   2   3 ]

>MA1097.1	ARALYDRAFT_493022
A  [  3   3   3 332   3   3 990   5 ]
C  [  3   3 332 661 990 990   3 985 ]
G  [990 990 661   3   3   3   3   5 ]
T  [  3   3   3   3   3   3   3   5 ]

>MA1098.1	ARALYDRAFT_484486
A  [  2 250   2   2   2   2 993   3 ]
C  [  2   2 498 993 993 993   2 990 ]
G  [993 745 498   2   2   2   2   3 ]
T  [  2   2   2   2   2   2   2   3 ]

