>MA0265.1	ABF1
A  [11  0  0  0 41 22 39 34 40 41 12  0 92  0 37 34 ]
C  [41 99  0  0 17 24 16 18 21  0 25  0  8 45 22 18 ]
G  [ 4  0 99  0 22 26 28 20 24 57  9 81  0  9 18 14 ]
T  [44  1  0 99 20 28 17 28 15  0 55 19  0 46 23 34 ]

>MA0266.1	ABF2
A  [ 18   9   0   0 100   0  95 ]
C  [ 39   9 100   0   0   0   2 ]
G  [ 25   2   0   0   0 100   2 ]
T  [ 18  80   0 100   0   0   2 ]

>MA0267.1	ACE2
A  [ 45   1   0  90   0   0  49 ]
C  [ 28  92 100  10   0 100  20 ]
G  [ 21   6   0   0 100   0  17 ]
T  [  5   1   0   0   0   0  14 ]

>MA0268.1	ADR1
A  [ 41   0   0   0   0  64  34 ]
C  [ 24 100  85 100 100   6  51 ]
G  [ 13   0   0   0   0  20   6 ]
T  [ 22   0  15   0   0  10   9 ]

>MA0269.1	AFT1
A  [106 155 362 179 426 136 716 145  34 160  10 961   8  25  19 181 265 287 276 123 154 ]
C  [205 249 197 396 231  78  25  31  47  10 966   9 972 955 740 257 252 155 180 225 236 ]
G  [231 220 221 222 154 142  31 288  39 812  11  15   9   2  13 494 241 183  68 357 458 ]
T  [456 374 218 200 187 641 226 535 878  16  10  14  10  16 225  65 240 373 474 292 150 ]

>MA0270.1	AFT2
A  [  8  70   0 100   0   0   0   9 ]
C  [ 45   0 100   0 100 100 100  42 ]
G  [ 27  30   0   0   0   0   0  27 ]
T  [ 20   0   0   0   0   0   0  21 ]

>MA0271.1	ARG80
A  [ 89   0 161   0  44   0 ]
C  [  0   0   0 301   0 256 ]
G  [  0 301   0   0  79   0 ]
T  [ 69   0   0   0  69  20 ]

>MA0272.1	ARG81
A  [ 59   6  20 169   0   1   0  59 ]
C  [ 12   0   0   0 271   0 279  59 ]
G  [ 83   4 239   0   0   0   0   4 ]
T  [ 44 154   0   0   1 164   0  64 ]

>MA0273.1	ARO80
A  [102 330 126 407 390 310  83  40   5   5   1   1  15 670 690 105 269 353 257 236 278 ]
C  [155 193 232 253 193 198 154 744 231 987  22   5 359   4  68 222 119 210 217 103 252 ]
G  [531 301 317 203 229 135 336  30   8   1 975 990 295   6  60 372 193 205 178 349 170 ]
T  [210 174 323 136 186 355 426 185 753   5   1   2 329 318 181 299 418 230 347 310 298 ]

>MA0274.1	ARR1
A  [160  24  30   0  73 129 137  11 ]
C  [  0  75  70   0   0  41   0   0 ]
G  [  0  29   0   0 161  12  29  24 ]
T  [  0  73  87 161   0   0   3 129 ]

>MA0275.1	ASG1
A  [  0   0   0   0  72  53 ]
C  [ 76 100   0   0  11   0 ]
G  [  0   0 100 100  16   0 ]
T  [ 24   0   0   0   0  47 ]

>MA0276.1	ASH1
A  [  0   0  61  58 130   0  33  80   0   0 ]
C  [220 291  21  54   0  11 150   0   8   0 ]
G  [  8   0 133 101  54   8   8  92 249 256 ]
T  [ 35   3  10  12   0 147  35  26  19  18 ]

>MA0277.1	AZF1
A  [ 63 100 100  88  75   0  78  81  63 ]
C  [ 13   0   0  13   0   0  16   6  13 ]
G  [ 13   0   0   0  25 100   3   6  13 ]
T  [ 13   0   0   0   0   0   3   6  13 ]

>MA0278.1	BAS1
A  [ 64 104 484  78 455 248  98  52 348  12 966  26   9  47 892 487 288 373 178 402 435 ]
C  [217 552 111 401  51  34 724 918 346   3   5   6  10 930  42 123 140 110 367 140 229 ]
G  [425 150 114 186 370 670 143   7 280 977  23 962   4   7  16 320 317  81 184 341 241 ]
T  [292 192 288 333 122  46  33  20  24   6   4   4 975  15  49  68 254 434 268 114  94 ]

>MA0279.1	CAD1
A  [2056   97    0 1889  602    0 1947 2154    0    0 ]
C  [ 100    0    0   98  213    0  206    0    0 2088 ]
G  [  98    0    0    0 1464    0    0    0 1416    0 ]
T  [   0 2095 2154  172    0 2154    0    0  798   97 ]

>MA0280.1	CAT8
A  [  0   0   0   0  66  32 ]
C  [100 100   0   0  13  18 ]
G  [  0   0 100 100  21  28 ]
T  [  0   0   0   0   0  22 ]

>MA0281.1	CBF1
A  [ 19   3 100   0   0   0   0  72 ]
C  [  8  92   0 100   0   0   0  17 ]
G  [ 53   3   0   0 100   0 100   6 ]
T  [ 19   3   0   0   0 100   0   6 ]

>MA0282.1	CEP3
A  [  4   0   0   0   0  91  92  42 ]
C  [ 56   0 100   0   0   1   3  21 ]
G  [  4   0   0 100 100   1   3  21 ]
T  [ 36 100   0   0   0   7   3  16 ]

>MA0283.1	CHA4
A  [ 22   0   0   0   0  71  22  48 ]
C  [  5   0 100   0   0   0   1  10 ]
G  [ 68 100   0 100 100  28  76  10 ]
T  [  5   0   0   0   0   0   1  31 ]

>MA0284.1	CIN5
A  [  0  13 100  11  20   0  91 100   2  15 ]
C  [  0   7   0  54  16   0   9   0  14  70 ]
G  [  9  23   0   5  57   0   0   0  38   8 ]
T  [ 91  56   0  31   7 100   0   0  47   7 ]

>MA0285.1	CRZ1
A  [ 20  28  37  63   0   0   0  42   7 ]
C  [ 48  22  30  36   0 100  99  30  76 ]
G  [ 18  17  22   1 100   0   0   7   8 ]
T  [ 14  32  11   1   0   0   0  21   8 ]

>MA0286.1	CST6
A  [ 47   1   1 100   0   5   0  45  46 ]
C  [ 11   1   1   0 100   0   0  28  14 ]
G  [ 32   1  91   0   0  95   0   8  20 ]
T  [ 11  96   7   0   0   0 100  18  20 ]

>MA0287.1	CUP2
A  [0 9 0 2 6 4 9 9 7 4 2 ]
C  [7 0 0 7 0 1 0 0 0 0 0 ]
G  [0 0 9 0 3 4 0 0 2 0 7 ]
T  [2 0 0 0 0 0 0 0 0 5 0 ]

>MA0288.1	CUP9
A  [  7   0  84   1  91   0  75  40  39 ]
C  [ 10   0   0  99   0  64  15   0  13 ]
G  [  3 100   9   0   9   9   0   0   3 ]
T  [ 79   0   7   0   0  27  10  60  45 ]

>MA0289.1	DAL80
A  [ 11   0 100   0 100  90   3 ]
C  [ 67   0   0   0   0   1  19 ]
G  [  6 100   0   0   0   1  75 ]
T  [ 17   0   0 100   0   7   3 ]

>MA0290.1	DAL81
A  [203 203 203 203   0   0   0   0   0   0   0   0   0   0   0   0 203   0   0 ]
C  [  0   0   0   0   0 203 203   0 203   0   0   0 203   0   0   0   0   0   0 ]
G  [  0   0   0   0 203   0   0 203   0 203 203 203   0 203 203 203   0   0   0 ]
T  [  0   0   0   0   0   0   0   0   0   0   0   0   0   0   0   0   0 203 203 ]

>MA0291.1	DAL82
A  [ 56  53  39  26   0   0   0   0  11 ]
C  [ 14  11   3  11  26   0 100   0  68 ]
G  [ 14   5   3  42   0 100   0 100  11 ]
T  [ 14  32  55  21  74   0   0   0  11 ]

>MA0292.1	ECM22
A  [ 28  14   0   0   0   0  93 ]
C  [ 36   7 100 100  14   0   0 ]
G  [  7   7   0   0  86  86   7 ]
T  [ 28  71   0   0   0  14   0 ]

>MA0293.1	ECM23
A  [ 31  33  72  10 100   3   1  14  30  32  30 ]
C  [ 25  25  11   2   0   0  90  19  23  25  26 ]
G  [ 23  22  10  86   0   0   3  14  21  25  22 ]
T  [ 21  20   7   2   0  97   7  53  26  19  21 ]

>MA0294.1	EDS1
A  [ 14   0   0 100  76  48 100  82  15 ]
C  [ 52   0   0   0   0  24   0   1  20 ]
G  [ 14 100 100   0   0  10   0   1  11 ]
T  [ 19   0   0   0  24  19   0  15  54 ]

>MA0295.1	FHL1
A  [  0 100   0   0   0  90  48  55 ]
C  [ 10   0 100   0 100   0  28  15 ]
G  [ 90   0   0 100   0   0  18  15 ]
T  [  0   0   0   0   0  10   8  15 ]

>MA0296.1	FKH1
A  [177 247 520 526 365 119 146   7 959 977 990   1 990 874 671 248 374 284 205 421 ]
C  [287 192  84  76  73 146   4   3  37  11   1 925   1  39  49 191 158 184 116 192 ]
G  [207 334  98 129 150 133 847   0   0   1   2   1   3  16  70 407 296 330 452 248 ]
T  [326 225 297 267 411 600   1 987   1   9   5  71   4  69 208 152 170 200 225 137 ]

>MA0297.1	FKH2
A  [ 13   0 100 100 100   0 100 ]
C  [  0   0   0   0   0 100   0 ]
G  [ 88   0   0   0   0   0   0 ]
T  [  0 100   0   0   0   0   0 ]

>MA0298.1	FZF1
A  [0 0 1 0 0 1 ]
C  [1 0 0 0 1 0 ]
G  [0 0 0 0 0 0 ]
T  [0 1 0 1 0 0 ]

>MA0299.1	GAL4
A  [   0    0    0  778  292 1019 2339  567 1913  659   96 1170    0  235    0 ]
C  [2779    0  438  655 1137  810    0 1296  335  592  767  517 1437  392 2779 ]
G  [   0 2779 2273  927 1151 1002  538  810    0 1744  494 1105  729  419    0 ]
T  [   0    0   97  717  498  390   98  194  737  204 1786  404  824 2001    0 ]

>MA0300.1	GAT1
A  [ 13  17   0 100   0 100 100   3 ]
C  [ 44  42   0   0   0   0   0   9 ]
G  [ 19   5 100   0   0   0   0  84 ]
T  [ 25  36   0   0 100   0   0   3 ]

>MA0301.1	GAT3
A  [65  8 92 12  3  6 51 28 32 ]
C  [ 9  2  0  0 94 27 19 33 25 ]
G  [20 88  0  1  1  4 18 21 21 ]
T  [ 6  1  8 87  2 63 12 17 21 ]

>MA0302.1	GAT4
A  [36 31 80  3 98  0  0  5 40 28 33 ]
C  [21 26  4  0  0  0 99 28 20 26 24 ]
G  [24 18 12 96  0  0  0  3 23 23 21 ]
T  [20 26  4  0  2 99  0 64 17 22 21 ]

>MA0303.1	GCN4
A  [218 371 362 282 275 169 535  11   2 968   2  13  57 973  15 376 207 284 226 254 337 ]
C  [295 217 213 119 177 140  35   8   5  13 433   4 934   6 413 290 354 216 234 329 169 ]
G  [245 268 150 325 316 365 413   6 934   4 562  13   5   8  35 131 194 202 177 232 195 ]
T  [240 142 273 272 230 325  15 973  57  13   1 968   2  11 535 202 244 296 361 183 297 ]

>MA0304.1	GCR1
A  [ 719    0    0 2460 2157    9  553    0 ]
C  [  31  142   22    0   10   13 1703 1932 ]
G  [  77 2318 2438    0    0 2326    0   15 ]
T  [1822    0    0    0  294  121  240  651 ]

>MA0305.1	GCR2
A  [ 33   0  11   0   0   0  61 ]
C  [ 33 279   0   0 260 269  52 ]
G  [149   0   1   0   0   1   6 ]
T  [ 16   0 152 169   8   0  64 ]

>MA0306.1	GIS1
A  [ 41   0   0   0   0   0  49  46  32 ]
C  [ 22  97 100 100  87   0   4  11  19 ]
G  [ 12   0   0   0   0   0  15  16  18 ]
T  [ 25   3   0   0  13 100  32  27  30 ]

>MA0307.1	GLN3
A  [  0 100   0  74  61 ]
C  [  0   0   0   0   0 ]
G  [100   0   0   0  27 ]
T  [  0   0 100  26  12 ]

>MA0308.1	GSM1
A  [322 160 219 461 349 342 566 849 400   3   4   3   0   0 136 708 289 164 373 225 322 ]
C  [207 172 289 124 201 144  22   9 164 916 177 985 972  30   4  60 183 172 101 168 212 ]
G  [190 229 168 184 233 281  17  20 182  10  38   1  25 967 849 197 438 205 232 299 195 ]
T  [279 438 322 229 216 231 393 120 252  69 778   9   0   1   9  32  87 458 292 306 268 ]

>MA0309.1	GZF3
A  [ 18   0 100   0 100  73   4  39 ]
C  [ 39   0   0   0   0   9  38  18 ]
G  [  2 100   0   0   0   0  59  27 ]
T  [ 41   0   0 100   0  18   0  16 ]

>MA0310.1	HAC1
A  [ 24  68   0 100   0   0   0  27 ]
C  [  6  32 100   0 100   0   0  18 ]
G  [ 56   0   0   0   0 100   0  41 ]
T  [ 15   0   0   0   0   0 100  14 ]

>MA0311.1	HAL9
A  [ 0  0  0 99 62 ]
C  [99  0  0  0  0 ]
G  [ 0 99 99  0 37 ]
T  [ 0  0  0  0  0 ]

>MA0312.1	HAP1
A  [  0   0   0  89   5  51   4  57 ]
C  [100   0   0   0  26   4   4  11 ]
G  [  0 100 100  11  53   4   4  11 ]
T  [  0   0   0   0  16  41  88  21 ]

>MA0313.1	HAP2
A  [   0    0   22    0  675 ]
C  [   0    0    0    0 1619 ]
G  [   0   40 3922 3932  131 ]
T  [3939 3897    0    7 1847 ]

>MA0314.1	HAP3
A  [   0  370    0   98 2737    0    0    0    0    0   97  809 1458 1087 1582 ]
C  [ 516 2074  461  897    0    0    0    0    0 1480 1169 1175  265  266  602 ]
G  [ 537  298    0 1473    0    0    0 2737 2737    0  405 1038  918 1351  296 ]
T  [1779  326 2379  484    0 2737 2737    0    0 1549 1258   98  339  339  665 ]

>MA0316.1	HAP5
A  [ 641  200  113  826 1817  127   98    0  537 4156    0    0  387  361    0 ]
C  [ 935 1914 1513 1137 1451  637 3199  700 1308    0    0    0    0  497 1730 ]
G  [1033 2108 2485 2155  440 1273  677    0 1904    0    0  234 3788 3123    0 ]
T  [1789   97  433  453 1002 2389  624 3713  793    0 4156 3922    0  262 2808 ]

>MA0317.1	HCM1
A  [ 51  27  67  95 100   1  95  57 ]
C  [ 16   8  32   5   0  86   2  17 ]
G  [ 25   4   1   0   0   0   2  11 ]
T  [  8  61   1   0   0  13   2  14 ]

>MA0318.1	HMRA2
A  [  6  54   4   0   0  93  88  40 ]
C  [ 67   0   0   0   0   0   2   8 ]
G  [  6  46   0 100   0   0   2   8 ]
T  [ 21   0  96   0 100   7   9  44 ]

>MA0319.1	HSF1
A  [ 69   2  19   0 100 100   6  48 ]
C  [ 13   2   0   0   0   0  56  11 ]
G  [ 13   2  81 100   0   0  19  23 ]
T  [  6  95   0   0   0   0  19  17 ]

>MA0320.1	IME1
A  [  0   0   0   0   0   0 161  16 ]
C  [301 232   0 301 189   0   0   0 ]
G  [  0  61 301   0  75 301   0 266 ]
T  [  0   0   0   0  15   0   0   0 ]

>MA0321.1	INO2
A  [ 18   0 155   0   7   8   0 141 134 ]
C  [ 29 275   7  25   0   0  34  16   2 ]
G  [198   0   0   0 258  11 241  23   5 ]
T  [  4   0   4 150   0 147   0   0  24 ]

>MA0322.1	INO4
A  [ 29   0 138   0  10   0  17 146 142 ]
C  [ 46 236  14   0   0   0   0   7   7 ]
G  [162   0   0   0 256   0 241  23  26 ]
T  [  5  19  17 168   0 167   0   0   0 ]

>MA0323.1	IXR1
A  [161 121  68  28  59  59  28 121 121   0   0  28   6   0   0 ]
C  [  0   0   0 228 187   0   0   0   0   0 301   0   0   0   0 ]
G  [  0   0 112   0   0 187 169  71   0 301   0 244 285 112 244 ]
T  [  0  37  28   6   0   0  37   0  37   0   0   0   0  99  28 ]

>MA0324.1	LEU3
A  [  0   0   0  20  26  47   0   0   0   0 ]
C  [100 100   0   0  34  12  61 100   0  32 ]
G  [  0   0  56  35   0  16  39   0 100  68 ]
T  [  0   0  43  45  41  25   0   0   0   0 ]

>MA0325.1	LYS14
A  [ 21   4   0   0 100 100   6  13 ]
C  [ 49  82   0   0   0   0   0  13 ]
G  [ 21  10 100 100   0   0   0   7 ]
T  [ 10   4   0   0   0   0  94  68 ]

>MA0326.1	MAC1
A  [ 108   89    0  115    0    0    0  958 ]
C  [   0    0    0    0 1714    0 1714    0 ]
G  [   0  219    0 1599    0    0    0  655 ]
T  [1632 1451 1714    0    0 1714    0  113 ]

>MA0327.1	HMRA1
A  [101   0 203   0 203 203   0 ]
C  [  0 203   0 203   0   0   0 ]
G  [101   0   0   0   0   0   0 ]
T  [  0   0   0   0   0   0 203 ]

>MA0328.2	MATALPHA2
A  [   0  455    0   26    0  910  639  394 ]
C  [ 815    0   62    0    0    0   72   28 ]
G  [   0  535    0  973    0    9   41    0 ]
T  [ 184   10  938    0 1000   80  247  577 ]

>MA0329.1	MBP1
A  [ 55   0  15   0   0  35  33 ]
C  [ 10 100   0  88   2  17  30 ]
G  [ 18   0  85   0  98   9  18 ]
T  [ 17   0   0  12   0  39  18 ]

>MA0330.1	MBP1::SWI6
A  [15153    82    45    31    59   726   365 ]
C  [    0 21942   182 19078   182  1491  9107 ]
G  [  405   101 21983   188 21982  1506   882 ]
T  [ 6881   179    23  3065    21 18880 13437 ]

>MA0331.1	MCM1
A  [ 1692    97  3002  6037  7789   936  1175  6619   612   117 10592 12477 ]
C  [11356 12733  5897  2220   195   237  3860  1176    32   134   966   399 ]
G  [  405     0  3023  3432   642     0   542  5947 13102 13351   319   350 ]
T  [  368   971  4309  3681  5363 12586  9116  1957     0    16  2201   475 ]

>MA0332.1	MET28
A  [  0   0   0   0   0   0 ]
C  [203   0   0   0   0   0 ]
G  [  0   0 203   0 203 203 ]
T  [  0 203   0 203   0   0 ]

>MA0333.1	MET31
A  [ 38  20  14   0   0   0   0   0  10 ]
C  [ 10  28  14   0   0   0   0 100   0 ]
G  [ 38  30  18 100   0 100 100   0  69 ]
T  [ 15  20  55   0 100   0   0   0  20 ]

>MA0334.1	MET32
A  [ 34  11   0   0  93   0  64 ]
C  [ 46   5  99 100   3  99  15 ]
G  [ 10  77   0   0   0   0  12 ]
T  [ 10   7   0   0   3   1   9 ]

>MA0335.1	MET4
A  [161 106   0   0   0   0   0   0 ]
C  [  0  47 199   0   0   0   0   0 ]
G  [  0  48   0   0 301   0 301 301 ]
T  [  0   0  51 161   0 161   0   0 ]

>MA0336.1	MGA1
A  [384 305 240 367 252 116 787 192 701   5 990 990  12 844  68 203 301 291 441 440 342 ]
C  [ 91 124 268 171 280 204   3 110 197   2   2   2 815  39 505 180 353 268  70 168 295 ]
G  [206 376 318 306 194 230 198 166  98 989   3   2  15  82  70 195  84  97 229 105 216 ]
T  [317 194 172 154 273 448  11 531   2   2   2   5 156  32 355 419 260 342 257 285 144 ]

>MA0337.1	MIG1
A  [ 32   1   0   0   0  46   5 ]
C  [ 35  97 100 100 100   3  57 ]
G  [ 15   1   0   0   0  50  30 ]
T  [ 18   1   0   0   0   1   7 ]

>MA0338.1	MIG2
A  [  1   0   0   0  36   5  36 ]
C  [ 96 100 100 100  11  77  24 ]
G  [  2   0   0   0  52  13  24 ]
T  [  1   0   0   0   1   6  15 ]

>MA0339.1	MIG3
A  [  1   0   0   0  41   5  41 ]
C  [ 98  94 100 100   2  69  22 ]
G  [  1   0   0   0  55  17  23 ]
T  [  1   6   0   0   1   9  14 ]

>MA0340.1	MOT3
A  [ 67 203   0   0   0 203 ]
C  [ 67   0   0   0 101   0 ]
G  [  0   0 203 203   0   0 ]
T  [ 67   0   0   0 101   0 ]

>MA0341.1	MSN2
A  [ 60   0   0   0   0 ]
C  [  7   0   0   0   0 ]
G  [ 32 100 100 100 100 ]
T  [  0   0   0   0   0 ]

>MA0342.1	MSN4
A  [83  0  0  0  0 ]
C  [ 0  0  0  0  0 ]
G  [16 99 99 99 99 ]
T  [ 0  0  0  0  1 ]

>MA0343.1	NDT80
A  [289 197 169 215 201  99 188 444  12 940  18 965 970 945 713 496 123 127 314 360 477 ]
C  [282 276 213 403 430 114  20 483 948   7 967   4   5   3  24 178 630 329 330 177 192 ]
G  [118 160 172 140 176 495 675  41   4  45   6   9  15  14 236  82  95 440 277 230 174 ]
T  [309 364 443 239 191 290 116  30  34   6   6  20   8  37  24 241 149 102  78 231 154 ]

>MA0344.1	NHP10
A  [ 20   8   0   0   0   0   0  68 ]
C  [ 10  78 100   0   0   0   0   8 ]
G  [ 60   8   0 100 100 100 100  18 ]
T  [ 10   8   0   0   0   0   0   8 ]

>MA0345.1	NHP6A
A  [306 242 236 380 285 104 339 491 114 903 126 847  57 746 650 377 375 416 286 313 329 ]
C  [279 217 153 212 333 516 130 250  24  10  29  16  42  16  30 136 138 111 154 147 289 ]
G  [214  83 311 151  99  49  71  64   6  26   8  43  28  20 153 137 138 172 124 314  96 ]
T  [200 456 298 255 281 329 458 193 855  58 835  92 871 216 166 348 346 299 434 224 284 ]

>MA0346.1	NHP6B
A  [182 217 135 376 195 154 393 578 169 807  92 749 279 510 461 372 465 202 287 287 ]
C  [304 225 108 208 316 317  69  89  65  32  67  16  51  26  96 106  84 160 120 257 ]
G  [ 99 216 107  77 111 143  26  51  16  67  32  65  89  69 121 111 336 302 339 252 ]
T  [414 341 647 336 376 384 510 279 749  92 807 169 578 393 320 409 113 334 252 202 ]

>MA0347.1	NRG1
A  [181 243 293 259 419 213 455 960   2   2  11  71   4   3 503 245 124 224 206 325 ]
C  [404 225 250 239 112 255 488   3   1   1   0  11 928 820  87 202 303  67 400 171 ]
G  [143 199 278 262 269  92   9  36 991 993 986   2   2   3  39 239 269 548 228 233 ]
T  [271 332 177 238 198 439  46   0   4   2   1 915  63 173 369 311 302 159 163 269 ]

>MA0348.1	OAF1
A  [ 11   0   0   0  56   7  68  14  56 ]
C  [ 32 100   0   0   0   0   4   7  14 ]
G  [ 11   0 100 100  43  86   4   7  14 ]
T  [ 46   0   0   0   0   7  25  71  14 ]

>MA0349.1	OPI1
A  [ 34   0 166 169   0   0  59 ]
C  [109   0   2   0 268 273  58 ]
G  [ 42 279   0   0   0   0  88 ]
T  [ 34   0   0   0   0   0  12 ]

>MA0350.1	TOD6
A  [362 144 101 239 369 212 649  67  20   2   2 975   1   0  52 135 181 232 187 306 201 ]
C  [188 213 261 327 116 366  50 396 784  29 991   0   1 978  19 655 300 282 280 213 150 ]
G  [218 369 370 206 235 133  96 436 193  46   2   1  18   1 869 186 383 109 111 172 320 ]
T  [230 273 266 226 278 288 203  98   1 921   3  21 978  18  57  22 135 376 421 308 327 ]

>MA0351.1	DOT6
A  [278 194 156 131 239 141 516  79  29   6   1 972   1   0  36 223 280 188 163 153 185 ]
C  [135 250 332 249  85 480  59 420 770  52 990   0   0 968   9 575 265 298 435 371 149 ]
G  [231 266 223 268 400 145 138 392 197  83   4   1  27   1 876 177 252  72 208 183 202 ]
T  [354 289 287 351 273 232 285 107   3 858   2  25 969  28  78  22 202 441 192 290 462 ]

>MA0352.1	PDR1
A  [  8   0   0  13   2   8  10  62 ]
C  [ 28 100 100   0  88   2   3   8 ]
G  [ 15   0   0  87   8  88  83  22 ]
T  [ 48   0   0   0   2   2   3   8 ]

>MA0353.1	PDR3
A  [  0   0   0   0   0   0   0 203 ]
C  [  0 203 203   0 203   0   0   0 ]
G  [  0   0   0 203   0 203 203   0 ]
T  [203   0   0   0   0   0   0   0 ]

>MA0354.1	PDR8
A  [ 38   0   0   0 100   8 100  13 ]
C  [ 15 100   0   0   0   8   0   6 ]
G  [ 38   0 100 100   0  85   0   6 ]
T  [  8   0   0   0   0   0   0  75 ]

>MA0355.1	PHD1
A  [36  9 37  0  0  0 91  8 22 32 ]
C  [27 43 44 10  0 99  1 22 42 28 ]
G  [19 39 15  0 99  0  7 36 22 21 ]
T  [18  8  3 89  0  1  1 34 14 19 ]

>MA0356.1	PHO2
A  [ 52  12 100  56  23  63 ]
C  [  0   0   0   0   0   0 ]
G  [  8   0   0   0   0   0 ]
T  [ 41  88   0  44  77  37 ]

>MA0357.1	PHO4
A  [ 94  97 967   0  85   2   1   4 ]
C  [393 900   1 911   1  28   0 507 ]
G  [507   0  28   1 911   1 900 393 ]
T  [  4   1   2  85   0 967  97  94 ]

>MA0358.1	PUT3
A  [  9   2   0   0   0   0  52  46 ]
C  [ 72  90 100   0   0   0  15  13 ]
G  [  9   2   0 100 100 100  19  17 ]
T  [  9   6   0   0   0   0  15  25 ]

>MA0359.1	RAP1
A  [18 98  1  1  1 71 17 72  1 86 ]
C  [69  0 75 97 90  0 11  0 98 13 ]
G  [12  0  0  1  0 27  8 14  0  0 ]
T  [ 1  1 23  1  9  2 65 14  1  1 ]

>MA0360.1	RDR1
A  [ 25   0   0   0   0 100  86  27 ]
C  [ 11   0 100   0   0   0   0  48 ]
G  [ 11 100   0 100 100   0   0  13 ]
T  [ 54   0   0   0   0   0  14  13 ]

>MA0361.1	RDS1
A  [  1   0   0   0   0   0  32 ]
C  [ 91  11   0  84  95  11  32 ]
G  [  1  89 100  16   5  89  32 ]
T  [  7   0   0   0   0   0   5 ]

>MA0362.1	RDS2
A  [ 34   0   0   0   0  12  17 ]
C  [ 39   0 100   0   0   1   7 ]
G  [ 18   0   0 100 100  86  70 ]
T  [  8 100   0   0   0   1   7 ]

>MA0363.1	REB1
A  [ 30   0   0 100   0   0   0   0  15 ]
C  [ 10   0   0   0 100 100 100   0  15 ]
G  [ 50   0   0   0   0   0   0  60  55 ]
T  [ 10 100 100   0   0   0   0  40  15 ]

>MA0364.1	REI1
A  [  0   5   0   0   0   0  56 ]
C  [ 95  95 100 100   0   0   8 ]
G  [  0   0   0   0   0  95  23 ]
T  [  5   0   0   0 100   5  13 ]

>MA0365.1	RFX1
A  [ 12   0   0   0  31   0   2  88 ]
C  [ 27   0   0   0   0 100  48   4 ]
G  [ 42 100   0   0  69   0   2   4 ]
T  [ 19   0 100 100   0   0  48   4 ]

>MA0366.1	RGM1
A  [100   0   0   0  11 ]
C  [  0   0   0   0  12 ]
G  [  0 100 100 100  77 ]
T  [  0   0   0   0   0 ]

>MA0367.1	RGT1
A  [ 42  34  37  22  27  30   0   0   0   4  32 ]
C  [ 13  10   0   2  15  18  12 100 100   0  13 ]
G  [ 23  34   0   0  17   4   0   0   0  89  33 ]
T  [ 22  22  63  77  41  48  88   0   0   8  22 ]

>MA0368.1	RIM101
A  [  9   0   0   0 100 100   0 ]
C  [ 43   0 100 100   0   0   0 ]
G  [  9 100   0   0   0   0 100 ]
T  [ 39   0   0   0   0   0   0 ]

>MA0369.1	RLM1
A  [10 14 11  0  0  0 42 16 22 23 32  0 42  0 27  4  7 10 ]
C  [10  2  0  0 42  0  0  0  0  0  0  0  0  0 14 15 16 13 ]
G  [10 16  1  5  0  0  0  0  0  0  0  0  0 42  0  2  3 10 ]
T  [ 8 10 30 37  0 42  0 26 20 19 10 42  0  0  1 20 16  7 ]

>MA0370.1	RME1
A  [  0  16  16 160 119 139  27  34  92 126 ]
C  [ 52  96 100   0   0  29   0   0  39   0 ]
G  [  0  33  49   0  27   0 244 229  35  19 ]
T  [131  69  58   0  22   2   0   0  22  18 ]

>MA0371.1	ROX1
A  [0 0 2 7 0 0 0 0 0 0 1 0 ]
C  [4 6 4 1 0 0 0 0 0 5 0 5 ]
G  [0 0 0 0 0 1 8 0 0 1 1 2 ]
T  [4 2 2 0 8 7 0 8 8 2 6 1 ]

>MA0372.1	RPH1
A  [ 53   0   0   0   0   0  63  74 ]
C  [ 14 100 100 100 100   0   1   7 ]
G  [ 14   0   0   0   0   0   7   7 ]
T  [ 19   0   0   0   0 100  28  13 ]

>MA0373.1	RPN4
A  [ 23   0   0   0   0   0  13 ]
C  [  0   0   0   0   0 100   0 ]
G  [ 67 100  12 100 100   0  87 ]
T  [  9   0  88   0   0   0   0 ]

>MA0374.1	RSC3
A  [ 0  0  0  0  6 19 23 ]
C  [91  0 99  0 55 30 26 ]
G  [ 5 99  0 99 18 37 34 ]
T  [ 4  0  0  0 20 14 18 ]

>MA0375.1	RSC30
A  [ 19  15   0   0   0   0   0   0 ]
C  [ 50  38  92   8  92   0  85  31 ]
G  [ 19  46   8  92   8 100  15  69 ]
T  [ 12   0   0   0   0   0   0   0 ]

>MA0376.1	RTG3
A  [393 220 357 164 156 534  34  19 905   5  28   7   7 275 152 111 398 275 323 249 ]
C  [145 147 322 176 121 113  27 953   5 949  16  81  19 662 332 270 122 257 165 396 ]
G  [330 267 207 295 250 203 662  19  81  16 949   5 953  27 156 187 276 296  33 108 ]
T  [130 364 112 363 472 148 275   7   7  28   5 905  19  34 358 430 202 171 477 245 ]

>MA0377.1	SFL1
A  [272 368 281 382 314 368 727 127 506  18 956 959  22 616 596 535 256 492 431 369 409 ]
C  [183 262 244 256  98 221  30 178 261  10  16   9  47 129 134 221 156  96  67 123 121 ]
G  [130 124 332 117 349 198 124 108 226 960   5  21 806 218  36  48 146 217  99 146  72 ]
T  [414 244 141 244 237 212 118 586   6  10  21   9 123  36 232 194 440 193 401 360 395 ]

>MA0378.1	SFP1
A  [427 202 289 250 353 533 782 898 904 855 541  86  35  18  73 126  82 327 115 217 216 ]
C  [159 293 174 217  77  42  73  36   9  14  34  42  50  46  71 405 354 201 428  83 169 ]
G  [161 194 192 293 297 342  71  46  50  42  16  14   9  36  73  91 103 165 154 374 405 ]
T  [250 309 343 238 271  82  73  18  35  86 408 855 904 898 782 376 459 306 301 324 208 ]

>MA0379.1	MOT2
A  [93  0 99  0 99 ]
C  [ 2  0  0  0  0 ]
G  [ 0  0  0  0  0 ]
T  [ 5 99  0 99  0 ]

>MA0380.1	SIP4
A  [  8   0   0   0   0  23  57 ]
C  [ 48  27  99 100   0   0  16 ]
G  [ 13   0   0   0 100  63  25 ]
T  [ 32  73   1   0   0  14   0 ]

>MA0381.1	SKN7
A  [  0   0   0   0  49  21 ]
C  [  0   0 100  84  15  18 ]
G  [100 100   0  16  37  28 ]
T  [  0   0   0   0   0  32 ]

>MA0382.1	SKO1
A  [957   0 100   0 957 592   0   0 ]
C  [  0 957   0   0   0   0   0   0 ]
G  [  0   0 897   0   0   0   0 957 ]
T  [  0   0   0 957   0 364 957   0 ]

>MA0383.1	SMP1
A  [111 189 569  85 179 130 408  97 750 865  97  77 634 495 637 197 174 525 156 249 336 ]
C  [244 188  97 554 623 147 128 234 125  18  18  46  33  41  85 262 275 104 290 381 172 ]
G  [235 265 137 158  47  85 112  33  46  18  18 125 234  60 147 146 271 101 455 201 229 ]
T  [409 356 196 201 149 637 350 634  77  97 865 750  97 402 130 393 279 269  97 168 261 ]

>MA0384.1	SNT2
A  [   0    0 1405    0 3120    7    0    0    8  168  944 ]
C  [  89    0  269    0    0    0 3136    0 3072 2969  231 ]
G  [ 313 3136 1721    0   35 3130    0 3136   75    0 1666 ]
T  [2817    0    0 3136    0    0    0    0    0    0  589 ]

>MA0385.1	SOK2
A  [50 15 41  4  4  4 97  5 17 28 30 ]
C  [19 49 47  1  1 91  1  5 21 32 23 ]
G  [16 18  9  4 94  1  1 50 52 22 23 ]
T  [16 18  3 91  1  4  1 40 10 18 23 ]

>MA0386.1	SPT15
A  [277 337 253 160 545 115 287 332 907  12 981  38 970  44 883 186 264 137 266 350 248 ]
C  [250 191 345 200 139  98 198 110   7   7   2   1   2   4  10  62 122 380 228 176 193 ]
G  [386 147  88 154 154 701 266  27  25  23   4   5   6   3  24  94 129 369 384 172 270 ]
T  [ 84 323 313 484 160  84 247 529  59 955  12 954  20 947  81 657 483 112 121 301 286 ]

>MA0387.1	SPT2
A  [ 97  66   0   4 130 120  83   0 161 122 ]
C  [  0  44   0   0   0  23  66   0   0   0 ]
G  [  3  12   0   0  54  46  60 105   0  69 ]
T  [ 57  58 161 152   0   0   2 102   0   0 ]

>MA0388.1	SPT23
A  [ 95 160 143 134   1   0 108 157 ]
C  [  0   0   0   0  36 138  37   0 ]
G  [119   0  22   0   0  67  18   6 ]
T  [  0   0   2  23 135  46  16   0 ]

>MA0389.1	SRD1
A  [66  6 97 13  0  4 46 24 ]
C  [ 9  2  0  0 99 19 30 42 ]
G  [19 90  0  2  0  3 13 18 ]
T  [ 6  2  3 85  0 74 11 16 ]

>MA0390.1	STB3
A  [ 98 166 182 194 507 547 776 499  99  53  10  13   0   3 965 150 129 166 308 233 226 ]
C  [168 173 415 379  59 120  35  27  11   5   4   0  64 990   7 587 120 326 253 170 182 ]
G  [546 202  57 107 189 151  71  33   2   1   2  15  20   2  25  84 137 200 125 315 296 ]
T  [185 457 343 318 243 181 116 440 886 939 982 970 915   4   2 177 613 306 312 280 293 ]

>MA0391.1	STB4
A  [  9   0   0   0   0 100  75 ]
C  [ 43   0 100   0   0   0   1 ]
G  [  9   0   0 100 100   0   1 ]
T  [ 39 100   0   0   0   0  23 ]

>MA0392.1	STB5
A  [ 0  0  0 23 23 19  6 96 ]
C  [99  0  0 19 23 25 12  1 ]
G  [ 0 99 99 26 47 12  6  1 ]
T  [ 0  0  0 32  8 45 76  1 ]

>MA0393.1	STE12
A  [    0  4297 27122 25290 27887    98 15301 ]
C  [ 3261     0     0   167     0 27779  3002 ]
G  [   96 24137  1278  2703     0     0  9387 ]
T  [25022   198     0     0     0    97  2275 ]

>MA0394.1	STP1
A  [  4  49   0   0  12   0   4   4 ]
C  [ 82   0 279   0   0 279   0  94 ]
G  [ 33 192   0 266 255   0 119  70 ]
T  [ 87   0   0   4   0   0  87  57 ]

>MA0395.1	STP2
A  [180 288 438 276 126 238 113  34   2   0   1   8  14 618  86 218 326 231 158 342 ]
C  [258 242 193 209 405 111  11 647   5 849 866  13 520  12 433 312 240 427 237 265 ]
G  [175 293 211 176 143 567 829   5 987 148 128 948   4 338 139 359 205 161 344 122 ]
T  [385 174 157 336 325  81  45 312   4   1   3  29 460  30 341 109 227 179 259 268 ]

>MA0396.1	STP3
A  [ 25  18   0 100   0   0   0   0  45 ]
C  [  9  42   0   0   0 100   0  64  17 ]
G  [ 48  21   0   0 100   0 100  18  19 ]
T  [ 18  19 100   0   0   0   0  18  20 ]

>MA0397.1	STP4
A  [ 19  40   0 100   0   0   0   0  54 ]
C  [ 11  28   0   0   0 100   0  73  15 ]
G  [ 56  24   0   0 100   0 100  17  16 ]
T  [ 15   7 100   0   0   0   0  10  15 ]

>MA0398.1	SUM1
A  [ 50  52  62 100   0   8  24  28  15 ]
C  [ 14   8   2   0   0   0   0   5  15 ]
G  [ 14   8   2   0   0   0   0   5  11 ]
T  [ 22  32  34   0 100  92  76  61  59 ]

>MA0399.1	SUT1
A  [ 23  48   0   8   0  49  44 ]
C  [142   5 266  61  46  35  14 ]
G  [ 36 185   0 188 226 151 170 ]
T  [ 29   0   0   1   0   0   4 ]

>MA0400.1	SUT2
A  [333 225 269 354 248 522 940 971   0   1   2   1   2 789 523 375 338 279 163 281 ]
C  [232 206 218 200 216  85   6   0 709  16 992 984   1  16  80 252 214 204 253 136 ]
G  [112 264 277 100 153 287  12  11 287   0   1  12 993 168 257 154 168 209 252 244 ]
T  [321 303 233 345 381 104  40  16   2 981   2   1   2  24 137 217 279 306 330 338 ]

>MA0401.1	SWI4
A  [ 62   0  15   0   0 100  94  62 ]
C  [  8 100   0 100   0   0   2   8 ]
G  [ 15   0  85   0 100   0   2   8 ]
T  [ 15   0   0   0   0   0   2  23 ]

>MA0402.1	SWI5
A  [  8   0   0   0   0   0   4  25 ]
C  [  8   0 100   0   0   0   4  25 ]
G  [ 23 100   0   0 100 100  27  10 ]
T  [ 62   0   0 100   0   0  65  40 ]

>MA0403.1	TBF1
A  [ 61  46  15   0   0   0  75  38 ]
C  [ 11  11  84 100 100   1   8  19 ]
G  [ 12  35   1   0   0   0  11  27 ]
T  [ 16   8   1   0   0  99   5  17 ]

>MA0404.1	TBS1
A  [ 12   3   2  75  20   0   0   8 ]
C  [ 78   3   2   8  13 100 100   8 ]
G  [  5  90  95   8  13   0   0  75 ]
T  [  5   3   2   8  53   0   0   8 ]

>MA0405.1	TEA1
A  [  5   0   0   0  50   0  60  15 ]
C  [  5 100   0  40   0  80   0  20 ]
G  [ 75   0 100  60  50  20  10   5 ]
T  [ 15   0   0   0   0   0  30  60 ]

>MA0406.1	TEC1
A  [ 52   0 100   5   0   0   0  10 ]
C  [  7  95   0   0   0  91  68  47 ]
G  [ 34   5   0   0   0   9   0  15 ]
T  [  7   0   0  95 100   0  32  28 ]

>MA0407.1	THI2
A  [ 103    0  680 1265 1265    0    0   71  438  921 1265    0 1265  813  129 ]
C  [   0    0  573    0    0 1024  543  599    0    0    0    0    0    0 1068 ]
G  [1162 1265    0    0    0    0    0  571    0    0    0 1265    0  451   89 ]
T  [   0    0   61    0    0  241  805   90  826  344    0    0    0    0    0 ]

>MA0408.1	TOS8
A  [ 28   1   0   0   0 100  64  50 ]
C  [ 47  16   0   0 100   0   7  15 ]
G  [ 20   1 100   0   0   0   7  15 ]
T  [  5  82   0 100   0   0  22  19 ]

>MA0409.1	TYE7
A  [  3 100   0   0   0   0  78 ]
C  [ 93   0 100  10   0   0   8 ]
G  [  3   0   0  90   0 100   8 ]
T  [  3   0   0   0 100   0   8 ]

>MA0410.1	UGA3
A  [ 10   4   0   0   0   0   2  85 ]
C  [ 44  28   0 100   0   0  27   2 ]
G  [ 27  63 100   0 100 100  69   2 ]
T  [ 19   4   0   0   0   0   2  10 ]

>MA0411.1	UPC2
A  [ 16  59  38 100   0   1  83 ]
C  [ 25   3   0   0 100   0   5 ]
G  [ 19  28   0   0   0  99   9 ]
T  [ 40   9  62   0   0   0   4 ]

>MA0412.1	UME6
A  [ 2  0  2  0  0  0  0  0  1 18 10  7  2 ]
C  [ 0 10  0  0 18  0  0 17  0  0  1  2  0 ]
G  [ 0  5 16 18  0 18 18  0  0  0  0  1  1 ]
T  [16  3  0  0  0  0  0  1 17  0  7  8 15 ]

>MA0413.1	USV1
A  [269 306 342 131 133 318   1   0   3   1   0   0 956 850 174 233 212 181 205 219 ]
C  [223 182 168 193  55 551 967 977 993 981   6   2   0  92 257 235 191 185 100 297 ]
G  [250 216 206 146 157 101  26   0   1   0   3 869  36  21 162  93 197 321 265 365 ]
T  [255 294 283 528 652  28   3  20   1  16 989 126   5  35 405 438 399 311 428 116 ]

>MA0414.1	XBP1
A  [ 12   0   0   0 100  40  31 ]
C  [ 51   0 100   0   0   8  22 ]
G  [  7   0   0 100   0  50  31 ]
T  [ 31 100   0   0   0   3  15 ]

>MA0415.1	YAP1
A  [297 143 148 240 212 397   5   8 976   1  60  10 971 981  35 320 182 247 248 199 ]
C  [261 225 128 121 210 528   3  13   3 900  36   9   6   8  28 332 273 308 254 195 ]
G  [211 313 305 201 327  50   8   6   9  36 900   3  13   3 516 228 154 204 309 177 ]
T  [230 318 418 436 249  23 981 971  10  60   1 976   8   5 418 118 390 239 187 426 ]

>MA0416.1	YAP3
A  [ 65   0   0 100   0   0   2  50 ]
C  [ 19   0   0   0 100   0   2  12 ]
G  [ 12   0   0   0   0 100   2  19 ]
T  [  4 100 100   0   0   0  94  19 ]

>MA0417.1	YAP5
A  [122 124  86   0 161  19 ]
C  [  0   0   0 264   0   0 ]
G  [  0  67 136   0   0   0 ]
T  [ 34   0   0  17   0 137 ]

>MA0418.1	YAP6
A  [174 228 134 114 252  43 491  27  25 889  38 172  67 647 829 162 228 337 430 166 ]
C  [297 141  92 434 231 114 412  23  21  32 555  48  85 193  62  76 474  85 127 439 ]
G  [371 587 332 109  72 646  36  56 112  49 103 722  37  64  72 481 142 428 302 243 ]
T  [156  41 440 342 444 195  58 892 840  28 302  56 809  95  34 278 155 148 139 150 ]

>MA0419.1	YAP7
A  [ 7195   195     0 10172  1260     0  7781 10507    98  2246  6606 ]
C  [ 2582     0     0    98  1168    97  2526     0     0  7759  1126 ]
G  [  195     0  2132    97  8333     0   198     0  6311   509  2313 ]
T  [  869 10410  8375   172     0 10436     0     0  4323   394  1229 ]

>MA0420.1	ERT1
A  [ 51   6   0   0   0 100 100   4 ]
C  [ 10  47 100   0   0   0   0  63 ]
G  [ 22   6   0 100 100   0   0   4 ]
T  [ 16  41   0   0   0   0   0  28 ]

>MA0421.1	NSI1
A  [ 174    0    0 1832    0    0  118    0   49  779 ]
C  [   0    0  103    0 1832 1832 1739    0    0  841 ]
G  [ 274   40    0    0    0    0    0 1832 1784  117 ]
T  [1457 1817 1784    0    0    0    0    0    0  291 ]

>MA0422.1	URC2
A  [ 25   0   0   0  74  23  56  14  94  36 ]
C  [ 38 100   0   0   9  17   0   0   6  17 ]
G  [ 11   0 100 100  17  46   0   0   0  15 ]
T  [ 27   0   0   0   0  14  43  85   0  32 ]

>MA0423.1	YER130C
A  [ 35   0   0   0   0   0  60  21  32 ]
C  [ 28  97  91 100 100   0   0   0  28 ]
G  [ 23   1   0   0   0   0   8   4   5 ]
T  [ 13   2   9   0   0 100  32  75  34 ]

>MA0424.1	YER184C
A  [ 28   2   0   0   0   0  69  46 ]
C  [ 37  17  77 100   0   0  31  15 ]
G  [  6  10  15   0 100 100   0  23 ]
T  [ 28  71   8   0   0   0   0  15 ]

>MA0425.1	YGR067C
A  [ 36   0   0   0   1  41   0  27  23  24  25  25  22  26 ]
C  [ 24 100  99 100  99   0  98  26  26  26  24  22  26  24 ]
G  [ 27   0   0   0   0  31   1  17  20  20  25  26  26  26 ]
T  [ 14   0   1   0   0  28   1  31  31  30  26  27  26  25 ]

>MA0426.1	YHP1
A  [  0 203 203   0   0   0 ]
C  [  0   0   0   0   0   0 ]
G  [  0   0   0   0   0 203 ]
T  [203   0   0 203 203   0 ]

>MA0428.1	YKL222C
A  [ 48  69   0   0   0  92  52  65  10 ]
C  [ 23  10 100   0   0   0   2   6  10 ]
G  [ 15  19   0 100 100   8  44   6  10 ]
T  [ 15   2   0   0   0   0   2  23  69 ]

>MA0429.1	YLL054C
A  [  0   0   0  21   9  13  56 ]
C  [100   0   0  64  66   5  14 ]
G  [  0 100 100  14  16  77   7 ]
T  [  0   0   0   0   9   5  21 ]

>MA0430.1	YLR278C
A  [ 13   0   0   0  96   4  23  27 ]
C  [ 42 100   0   0   0  14   2   5 ]
G  [ 13   0 100 100   4  82   5   5 ]
T  [ 31   0   0   0   0   0  70  63 ]

>MA0431.1	TDA9
A  [ 32   0   0   0   0  30   0  44  19 ]
C  [ 24 100 100 100 100   0 100  16  35 ]
G  [ 23   0   0   0   0  36   0   3  15 ]
T  [ 21   0   0   0   0  34   0  38  31 ]

>MA0432.1	YNR063W
A  [  8   0   0   0 100  10  90  33 ]
C  [  8 100   0   0   0   0   0   3 ]
G  [ 18   0 100 100   0  80   0   3 ]
T  [ 68   0   0   0   0  10  10  63 ]

>MA0433.1	YOX1
A  [  1   0 100 100   0   0  62  54 ]
C  [ 25   0   0   0   0   0   3  13 ]
G  [  7   0   0   0   0   0  15  13 ]
T  [ 66 100   0   0 100 100  21  19 ]

>MA0434.1	YPR013C
A  [ 11   0   9  63  40 100   0   0  36 ]
C  [ 36   0  26  26   0   0   0 100  30 ]
G  [ 11 100   0   0  60   0   0   0  17 ]
T  [ 41   0  65  11   0   0 100   0  17 ]

>MA0435.1	YPR015C
A  [ 75 158 382 376 274 552  16   4   2 983 884 986   5   4 326  86 258 450 281 333 ]
C  [242 204 170 240  50 169 747   4  16   7   1   2   2 983 575 221 190 110 396 330 ]
G  [144 341 173 137 462 240  17 988   3   3 109   4   2   1  55  77 196 173  62  68 ]
T  [537 295 274 245 212  37 218   2 978   5   4   6 989   9  43 613 354 266 260 266 ]

>MA0436.1	YPR022C
A  [ 15   0   0   0 100   0  23 ]
C  [ 66 100 100 100   0 100  26 ]
G  [  0   0   0   0   0   0  34 ]
T  [ 20   0   0   0   0   0  18 ]

>MA0437.1	YPR196W
A  [ 61  32  17  24  17  12   0   0   3 ]
C  [  0   0   0   4  44  32  93 100   0 ]
G  [ 26   0   0   2  11   7   7   0  93 ]
T  [ 13  68  83  69  28  49   0   0   5 ]

>MA0438.1	YRM1
A  [ 51   2   0   0 100  60  93  12 ]
C  [ 15  94   0   0   0  12   1   8 ]
G  [ 23   2 100 100   0  16   1   4 ]
T  [ 11   2   0   0   0  12   5  76 ]

>MA0439.1	YRR1
A  [ 21  16  22  89  19  28   4   0   0   3   6 ]
C  [ 42  16   8   1   9  33  22 100 100   0  41 ]
G  [ 22  10   4   2   4   8   7   0   0  95  14 ]
T  [ 15  57  66   8  68  32  68   0   0   2  39 ]

>MA0440.1	ZAP1
A  [169   0   0   0   0 107 169 119   0   0   0  21 119   9  46 ]
C  [  0 279 279  97   0  77   0  17   0   0   0  97   0  17   0 ]
G  [  0   0   0   0   0  17   0  57 279 279   0  37  57   0 198 ]
T  [  0   0   0 107 169   0   0   0   0   0 169  58   9 145   0 ]

>MA0441.1	ZMS1
A  [ 15  31   0   0   0   0  19   5  50 ]
C  [ 15  11 100 100 100 100   4  85  10 ]
G  [ 15  11   0   0   0   0  54   5  10 ]
T  [ 55  46   0   0   0   0  24   5  30 ]

>MA0929.1	NCU00019
A  [326 225 320 150 111 803 999 898  26 923 438 413 ]
C  [225 225 127  55   0 101   0   0 521  26 219 196 ]
G  [225 225 230 741   0   0   0   0  26  26 124 196 ]
T  [225 326 323  55 889  96   0 101 428  26 219 196 ]

