>MA0260.1 che-1
0	37	37	19	0	0
0	0	0	0	37	26
37	0	0	18	0	11
0	0	0	0	0	0
>MA0261.1 lin-14
0	159	159	0	84	6
0	0	0	159	7	84
159	0	0	0	56	29
0	0	0	0	12	39
>MA0262.1 mab-3
76	86	0	0	0	0	0	0	13	62	50	29	8
3	0	1	0	0	0	0	100	19	0	0	13	8
13	0	0	100	0	0	100	0	67	11	6	22	10
8	14	99	0	100	100	0	0	1	27	44	36	74
>MA0263.1 ttx-3::ceh-10
28	0	1	9	0	2	3	1	14	4	0	0	24	15
0	0	0	0	0	16	5	5	15	3	0	2	1	0
1	1	0	20	28	1	1	0	0	22	0	0	0	9
0	28	28	0	1	10	20	23	0	0	29	27	4	5
>MA0264.1 ceh-22
33	8	0	93	1	0	0	7	95	46	51
15	71	89	1	97	0	16	27	0	29	20
31	19	0	0	0	0	0	63	0	20	15
19	0	9	5	0	99	83	1	4	3	12
>MA0537.1 BLMP-1
1909	3092	2926	3216	842	1157	0	3368	2129	3081	1745
0	0	0	0	0	335	0	0	0	0	128
1459	266	442	152	2060	548	3368	0	1086	254	1383
0	10	0	0	466	1328	0	0	153	33	112
>MA0538.1 DAF-12
22	71	33	23	0	0	0	15	0	1	0	0	32	17	17
20	0	0	52	0	52	0	25	20	0	1	79	0	20	43
113	13	123	6	156	0	156	14	97	0	154	16	84	28	56
1	72	0	75	0	104	0	102	39	155	1	61	40	91	40
>MA0540.1 DPY-27
0	2	1	1	0	0	0	0	1	0	0	3	16	8	9	12
6	8	0	19	22	22	0	0	19	0	21	3	0	0	0	1
3	8	3	0	0	0	0	14	1	22	0	13	0	3	6	9
13	4	18	2	0	0	22	8	1	0	1	3	6	11	7	0
>MA0541.1 EFL-1
662	589	580	352	92	61	11	0	0	133	2096	2011	1424	696	319
738	391	799	314	1150	22	2192	0	1239	628	55	26	137	214	389
194	811	166	875	893	2123	3	2206	967	1445	18	156	177	171	352
612	415	661	665	71	0	0	0	0	0	37	13	468	1125	1146
>MA0542.1 ELT-3
0	0	0	0	722	0	0	722
108	432	0	0	0	0	722	0
0	124	0	0	0	0	0	0
614	166	722	722	0	722	0	0
>MA0543.1 EOR-1
439	457	939	133	1206	100	1153	262	429	237	1184	74	1170	202	974
169	133	89	2	1	0	12	597	44	547	41	28	3	336	26
427	497	167	1113	0	1126	70	319	694	403	28	1151	74	686	184
218	166	58	5	46	27	18	75	86	66	0	0	6	29	69
>MA0544.1 GEI-11
90	3	0	2	3	8	4	12	0	10	0	39
7	34	0	2	305	12	2	256	179	0	293	65
175	3	310	0	0	278	299	15	30	296	1	37
38	270	0	306	2	12	5	27	101	4	16	169
>MA0545.1 HLH-1
71	306	289	0	381	68	23	0	0	97	0
139	22	15	381	0	13	264	3	0	75	261
148	53	72	0	0	297	12	0	381	77	22
23	0	5	0	0	3	82	378	0	132	98
>MA0546.1 PHA-4
585	534	537	41	0	862	1010	1010	0	1010
71	0	0	0	407	148	0	0	623	0
0	471	79	969	0	0	0	0	0	0
354	5	394	0	603	0	0	0	387	0
>MA0547.1 SKN-1
190	237	209	268	32	0	265	20	0	318	31	249	240	139	92
43	12	24	0	36	17	35	0	0	0	179	0	0	16	37
62	39	55	16	26	301	5	0	318	0	22	28	0	21	53
23	30	30	34	224	0	13	298	0	0	86	41	78	142	136
