>MA0008.1 HAT5
3	21	25	0	0	24	1	0
13	1	0	0	5	0	0	0
4	0	0	0	0	1	0	2
5	3	0	25	20	0	24	23
>MA0020.1 Dof2
21	21	21	0	3	7
0	0	0	0	14	6
0	0	0	21	2	3
0	0	0	0	2	5
>MA0021.1 Dof3
21	21	21	0	0	6
0	0	0	0	10	6
0	0	0	21	3	9
0	0	0	0	8	0
>MA0034.1 Gamyb
4	10	3	23	25	1	3	6	10	5
6	5	13	1	0	24	14	0	11	19
11	7	0	1	0	0	6	19	0	1
4	3	9	0	0	0	2	0	4	0
>MA0044.1 HMG-1
0	0	0	0	0	6	3	0	0
5	0	4	2	1	1	5	1	8
8	3	0	10	0	3	0	2	1
0	10	9	1	12	3	5	10	4
>MA0045.1 HMG-I/Y
3	7	9	3	11	11	11	3	4	3	8	8	9	9	11	2
5	0	1	6	0	0	0	3	1	4	5	1	0	5	0	7
4	3	1	4	3	2	2	2	8	6	1	4	2	0	3	0
2	4	3	1	0	1	1	6	1	1	0	1	3	0	0	5
>MA0053.1 MNB1A
15	15	15	0	3
0	0	0	0	9
0	0	0	15	0
0	0	0	0	3
>MA0054.1 myb.Ph3
19	64	63	4	10	10	13	3	28
3	1	0	62	27	2	8	17	1
2	2	2	3	16	53	0	1	0
46	3	5	1	17	5	49	49	41
>MA0064.1 PBF
16	16	16	0	1
0	0	0	0	9
0	0	0	16	1
0	0	0	0	5
>MA0082.1 squamosa
11	0	24	16	23	17	24	8	14	1	14	25	21	7
14	22	0	2	0	0	1	0	1	1	5	5	2	5
1	0	4	1	0	0	0	1	15	28	1	0	3	8
4	8	2	11	7	13	5	21	0	0	10	0	4	10
>MA0096.1 bZIP910
15	0	0	35	0	0	0
15	0	0	0	35	0	0
5	0	35	0	0	35	0
0	35	0	0	0	0	35
>MA0097.1 bZIP911
1	17	0	0	33	0	0	0	0	1	11	1
0	0	0	0	0	33	0	0	1	0	20	32
31	16	0	33	0	0	33	0	32	22	1	0
1	0	33	0	0	0	0	33	0	10	1	0
>MA0120.1 id1
1	3	1	0	0	2	3	1	8	0	0	2
1	3	2	9	13	11	8	1	5	6	17	0
2	4	9	3	4	4	2	1	1	7	0	18
20	14	12	12	7	7	11	21	10	11	7	4
>MA0121.1 ARR10
14	0	14	0	4	1	0	3
1	0	0	0	6	8	0	6
0	15	1	0	0	0	9	4
0	0	0	15	5	6	6	2
>MA0123.1 abi4
0	12	0	0	1	0	5	3	3	4
49	0	20	23	3	45	28	25	31	26
0	37	29	1	45	4	6	11	5	7
0	0	0	25	0	0	10	10	10	12
>MA0127.1 PEND
30	6	1	4	3	0	2	32	4	2
2	19	0	0	33	2	0	7	3	5
8	7	2	4	2	2	1	2	0	14
2	10	39	34	4	38	39	1	35	21
>MA0128.1 EmBP-1
9	1	13	0	0	0	0	0
0	7	0	12	0	0	1	1
0	4	0	0	13	0	12	12
4	1	0	1	0	13	0	0
>MA0129.1 TGA1A
4	13	0	2	1	0	13
4	0	14	0	0	15	0
0	1	0	13	0	0	1
7	1	1	0	14	0	1
>MA0548.1 AGL15
9	4	18	0	4	63	15	33	3	15	14	18	2	54	80
5	10	0	144	99	20	23	4	0	9	14	0	0	30	10
3	6	11	2	1	18	16	3	0	8	27	124	110	30	11
133	130	121	4	46	49	96	110	147	118	95	8	38	36	49
>MA0549.1 BES1
23	41	0	89	0	0	0	3	16	17	36
45	8	99	0	99	0	0	0	5	33	29
10	50	0	4	0	99	0	96	36	46	33
21	0	0	6	0	0	99	0	42	3	1
>MA0550.1 BZR1
63	55	30	49	0	147	6	0	0	6	42	41	42	81
60	47	20	66	153	2	147	0	0	5	0	53	61	39
30	27	52	26	0	0	0	153	0	142	39	43	22	0
0	24	51	12	0	4	0	0	153	0	72	16	28	33
>MA0551.1 HY5
103	108	52	9	150	0	310	3	1	0	2	4	24	183	94	89
60	56	55	8	165	317	1	311	5	9	1	1	279	30	62	68
68	62	30	279	1	1	9	5	311	1	317	165	8	55	56	60
89	94	183	24	4	2	0	1	3	310	0	150	9	52	108	103
>MA0552.1 PIL5
37	25	35	53	27	9	38	0	114	0	0	0	0	22
12	0	28	8	27	17	14	103	0	113	0	2	0	23
37	53	29	40	32	73	14	11	0	1	114	0	114	51
28	36	22	13	28	15	48	0	0	0	0	112	0	18
>MA0553.1 SMZ
0	0	0	0	0	0	135	0
105	119	0	147	0	0	12	147
0	28	0	0	147	25	0	0
42	0	147	0	0	122	0	0
>MA0554.1 SOC1
288	172	65	62	117	20	0	459	137	130	22	98	90	181	17
123	264	27	0	47	855	617	37	78	6	8	24	71	10	23
99	113	34	51	89	13	9	56	0	0	0	0	86	683	665
378	339	762	775	635	0	262	336	673	752	858	766	641	14	183
>MA0555.1 SVP
28	28	28	33	7	3	58	67	86	77	78	34	16	0	71	84	77	34	50	38
24	11	1	16	85	79	16	5	0	1	8	10	0	0	10	2	7	8	16	21
21	8	10	11	0	1	7	8	0	2	3	14	74	92	0	2	2	39	5	3
19	45	53	32	0	9	11	12	6	12	3	34	2	0	11	4	6	11	21	30
>MA0556.1 AP3
92	84	48	0	185	217	283	240	156	95	98	7	183	231	243
36	33	241	232	61	22	0	1	10	0	2	0	56	18	9
20	39	0	1	11	11	0	0	104	30	191	284	5	9	19
143	135	2	58	34	41	8	50	21	166	0	0	47	33	20
>MA0557.1 FHY3
46	75	9	226	2	3	0	4	18	16	63	82
81	58	210	3	230	16	220	0	208	40	68	44
40	25	9	2	1	213	0	228	6	17	40	50
68	77	7	4	2	3	15	3	3	162	64	59
>MA0558.1 FLC
121	90	95	82	78	54	9	135	198	261	233	193	78	141	0	217	268	257	62	109	103
44	61	37	26	25	193	185	70	10	0	3	3	11	0	0	21	3	1	43	47	50
45	63	21	36	66	12	4	37	38	3	3	18	15	134	275	6	4	15	148	17	29
65	61	122	131	106	16	77	33	29	11	36	61	171	0	0	31	0	2	22	102	93
>MA0559.1 PI
156	57	357	448	551	498	301	312	231	7	446	495	456	256
335	394	79	12	1	0	8	14	0	6	54	7	26	58
48	44	67	83	4	12	244	69	327	545	7	24	60	199
19	63	55	15	2	48	5	163	0	0	51	32	16	45
>MA0560.1 PIF3
210	58	19	0	527	0	0	0	0	259
26	131	399	527	0	409	0	0	0	33
148	222	94	0	0	0	527	0	527	137
143	116	15	0	0	118	0	527	0	98
>MA0561.1 PIF4
0	335	0	49	0	0	0	64
335	0	335	0	0	0	99	206
0	0	0	286	0	335	183	65
0	0	0	0	335	0	53	0
>MA0562.1 PIF5
0	0	286	0	91	0	0	0
78	286	0	286	0	0	0	95
0	0	0	0	195	0	286	161
208	0	0	0	0	286	0	30
>MA0563.1 SEP3
24	19	1	77	12	19	0	9	11	9	0
37	111	97	0	28	0	0	0	3	0	7
29	5	1	0	5	5	0	24	22	138	114
60	15	51	73	105	126	150	117	114	3	29
>MA0564.1 ABI3
6	15	3	1	97	1	1	6	50
60	16	7	96	1	1	1	84	15
9	15	85	2	1	1	96	8	13
25	53	5	1	1	97	1	2	22
>MA0565.1 FUS3
8	1	1	99	1	0	1	29	15
61	2	99	0	0	0	97	3	44
4	97	0	0	1	99	2	59	25
28	1	0	1	99	1	1	9	16
>MA0566.1 MYC2
25	9	97	0	15	1	0	5
10	91	0	85	0	2	0	60
60	0	2	0	85	0	91	10
5	0	1	15	0	97	9	25
>MA0567.1 ERF1
42	1	0	4	2	2	1	58
54	1	98	96	0	92	98	5
3	98	1	0	97	2	1	24
1	1	1	0	1	4	1	12
>MA0568.1 MYC3
25	10	97	0	16	1	0	7
28	89	0	84	0	2	0	40
40	0	2	0	84	0	89	28
7	0	1	16	0	97	10	25
>MA0569.1 MYC4
38	5	99	0	2	0	0	2
18	95	0	94	0	1	0	72
36	0	0	0	98	0	98	8
8	0	1	6	0	99	2	17
>MA0570.1 ABF1
0	8	19	0	43	0	0	0	0	0	0	17	6	13	20	12	13	10	13
4	2	16	35	0	44	0	0	0	0	44	14	24	6	11	19	12	6	9
32	28	0	8	1	0	44	0	44	38	0	9	9	21	11	13	17	23	20
8	6	9	1	0	0	0	44	0	6	0	4	5	4	2	0	2	5	2
>MA0005.2 AG
21	9	10	29	0	0	31	47	52	25	17	19	7	2	22	45	40	15
20	3	0	8	66	65	3	2	0	0	15	8	0	0	17	4	6	10
6	3	1	8	0	0	6	0	1	1	11	20	57	54	5	5	9	16
19	51	55	21	0	1	26	17	13	40	23	19	2	10	22	12	11	25
>MA0571.1 ANT
6	5	8	0	31	0	21	8	15	0	4	0	0	9	34	7	3	2	8	12	19
4	7	0	32	0	34	0	6	1	3	25	34	33	11	0	1	1	10	6	10	4
12	13	24	0	2	0	13	15	1	0	0	0	0	13	0	16	29	3	14	4	3
12	9	2	2	1	0	0	5	17	31	5	0	1	1	0	10	1	19	6	8	8
>MA0572.1 ATHB1
1	4	3	22	25	0	0	25	0	0	3	2
5	5	13	1	0	0	5	0	0	0	1	8
3	3	4	0	0	0	0	0	0	0	12	4
10	10	3	1	0	25	20	0	25	25	0	1
>MA0110.2 ATHB5
0	4	2	2	0	32	39	0	2	39	0	0	0
9	9	12	17	32	6	0	0	8	0	0	0	0
12	17	8	10	4	0	0	0	7	0	0	0	7
9	4	14	7	3	1	0	39	22	0	39	39	1
>MA0573.1 ATHB9
4	5	5	3	0	0	25	26	0	0	26	0	0	17	0	5	2	0	0
2	3	4	8	1	6	0	0	0	0	0	0	0	0	25	1	6	3	5
1	3	2	2	25	0	1	0	0	26	0	0	3	9	1	4	0	4	3
2	3	5	5	0	20	0	0	26	0	0	26	23	0	0	7	4	3	0
>MA0574.1 AtMYB15
4	27	64	4	0	0	0	87	0	0	0	18	4
73	18	18	64	0	0	0	4	0	0	0	0	0
9	51	18	18	100	100	0	0	100	100	0	78	87
14	4	0	14	0	0	100	9	0	0	100	4	9
>MA0575.1 AtMYB77
33	57	27	6	9	68	0	50	0	0	0	68	3
30	17	9	30	6	3	100	0	0	0	0	3	55
20	17	37	20	82	23	0	50	100	0	0	26	30
17	9	27	44	3	6	0	0	0	100	100	3	12
>MA0576.1 AtMYB84
22	0	18	14	0	0	0	78	0	0	0	0	4
18	14	4	9	0	0	0	4	0	0	0	0	32
42	86	78	55	100	100	0	4	100	100	0	96	60
18	0	0	22	0	0	100	14	0	0	100	4	4
>MA0577.1 AtSPL3
13	8	14	10	13	2	0	0	34	0	10	13	8	10	12	9
3	2	0	1	15	29	0	0	0	34	7	6	9	8	7	12
9	8	6	13	1	2	34	0	0	0	7	2	4	2	0	3
9	16	14	10	5	1	0	34	0	0	10	13	13	14	15	10
>MA0578.1 AtSPL8
11	11	9	10	10	3	0	0	30	0	6	10	5	13	10	11
1	0	4	1	6	10	0	0	0	30	12	7	8	5	3	6
4	6	6	4	4	2	30	0	0	0	1	0	1	0	0	0
14	13	11	15	10	15	0	30	0	0	11	13	16	12	17	13
>MA0579.1 CDC5
28	17	0	2	6	91	2	2	4	2	18
24	26	92	2	85	2	0	93	4	55	23
32	55	4	0	0	2	93	5	91	27	45
15	2	4	96	8	4	4	0	0	16	14
>MA0580.1 DYT1
4	3	1	2	10	3	4	0	11	0	1	0	0	11
6	1	2	2	1	0	0	11	0	11	0	0	0	0
0	7	1	6	0	7	0	0	0	0	10	0	11	0
1	0	7	1	0	1	7	0	0	0	0	11	0	0
>MA0581.1 LEC2
107	96	2	487	0	0	0	301	115	228	96
86	163	475	0	0	0	487	30	218	86	79
119	165	0	0	0	487	0	156	60	44	62
175	63	10	0	487	0	0	0	94	129	250
>MA0582.1 RAV1
14	16	7	0	47	62	0	69	9	41	34	27
17	11	14	62	12	4	69	0	7	4	6	9
12	10	35	0	9	3	0	0	32	4	10	17
6	14	1	0	0	0	0	0	21	20	19	16
>MA0583.1 RAV1 (var.2)
22	13	8	40	1	0	0	0	24	12	12	8
12	15	49	6	56	65	0	0	7	15	14	20
10	8	1	8	3	0	0	58	19	18	16	5
18	28	7	11	5	0	65	0	5	9	10	13
>MA0584.1 SEP1
14	14	11	19	0	0	39	20	37	25	28	4	26	0	23	40	33	6
15	6	4	7	51	46	5	2	0	0	4	6	0	0	11	3	5	8
7	10	6	9	0	0	1	4	0	0	4	3	25	51	3	0	5	17
15	21	30	16	0	5	6	25	14	26	15	38	0	0	14	8	8	20
>MA0001.2 SEP4
22	16	25	27	0	0	82	40	56	35	65	25	64	0	33	52	45	21
29	9	8	16	92	79	1	4	0	0	1	4	0	0	14	5	23	24
34	29	4	13	0	0	2	3	1	0	4	3	28	92	15	7	13	26
10	41	58	39	3	16	10	48	38	60	25	63	3	3	33	31	14	24
>MA0585.1 SHP1
21	12	4	21	0	1	30	31	42	26	14	15	7	4	26	48	39	18
11	6	1	5	65	63	6	4	1	3	14	8	0	0	6	10	9	15
15	9	9	22	0	1	7	8	1	2	9	28	56	56	5	4	8	19
18	38	51	17	0	0	22	22	21	34	28	14	2	5	28	3	9	13
>MA0586.1 SPL14
2	4	4	4	3	3	0	0	0	0	20	0	12	6	4	8	3	3	5
5	6	5	8	4	1	20	20	0	0	0	20	0	3	3	3	4	6	1
4	4	6	1	9	4	0	0	20	0	0	0	8	8	7	5	8	8	11
9	6	5	7	4	12	0	0	0	20	0	0	0	3	6	4	5	3	3
>MA0587.1 TCP16
3	1	0	0	32	1	0	0	18	12
0	3	0	0	8	60	64	64	10	20
60	0	64	64	15	2	0	0	29	26
1	60	0	0	9	1	0	0	7	6
>MA0588.1 TGA1
2	3	11	0	0	36	0	2	1	6	11
5	8	9	0	0	0	33	0	3	5	0
6	16	12	0	36	0	0	34	2	6	6
10	2	0	36	0	0	3	0	20	5	7
>MA0589.1 ZAP1
0	0	0	50	0	1	2	32	2	2	8
0	0	0	0	50	47	5	11	7	28	20
0	0	50	0	0	1	40	4	37	5	5
50	50	0	0	0	1	3	3	4	14	13
>MA0590.1 LFY
32	266	56	20	126	228	10	0	94	35	10	19	8	50	4	360	325	80	199
104	13	75	7	0	43	364	358	2	174	273	0	0	2	246	178	12	17	49
49	17	12	178	246	2	0	0	273	174	2	358	364	43	0	7	75	13	104
199	80	325	360	4	50	8	19	10	35	94	0	10	228	126	20	56	266	32
