>MA0004.1 Arnt
4	19	0	0	0	0
16	0	20	0	0	0
0	1	0	20	0	20
0	0	0	0	20	0
>MA0006.1 Arnt::Ahr
3	0	0	0	0	0
8	0	23	0	0	0
2	23	0	23	0	24
11	1	1	1	24	0
>MA0008.1 HAT5
3	21	25	0	0	24	1	0
13	1	0	0	5	0	0	0
4	0	0	0	0	1	0	2
5	3	0	25	20	0	24	23
>MA0009.1 T
2	1	40	0	0	0	0	0	1	40	31
28	1	0	0	0	0	0	2	7	0	5
8	0	0	40	40	0	40	0	28	0	0
2	38	0	0	0	40	0	38	4	0	4
>MA0010.1 br_Z1
3	1	5	7	3	6	4	7	1	9	8	5	4	2
1	1	2	0	0	0	1	0	8	0	0	0	0	3
4	1	1	1	0	0	4	1	0	0	1	3	0	2
1	6	1	1	6	3	0	1	0	0	0	1	5	2
>MA0011.1 br_Z2
3	5	0	0	12	1	2	1
1	2	10	1	0	1	0	2
1	1	0	0	0	2	1	1
7	4	2	11	0	8	9	8
>MA0012.1 br_Z3
3	9	10	12	0	4	10	6	6	4	2
1	2	0	0	10	0	0	0	1	3	3
1	1	0	0	1	0	0	4	2	2	5
7	0	2	0	1	8	2	2	3	3	2
>MA0013.1 br_Z4
1	4	2	1	5	6	5	1	3	5	3
1	0	0	0	0	0	0	3	0	0	1
0	0	4	0	1	0	1	1	1	0	0
4	2	0	5	0	0	0	1	2	1	2
>MA0015.1 Cf2_II
25	1	74	0	78	1	41	2	53	12
13	2	2	9	2	4	2	9	3	29
40	1	4	4	0	1	36	1	20	15
2	76	0	67	0	74	1	68	4	24
>MA0016.1 usp
0	1	0	0	0	0	35	5	5	6
1	0	0	0	0	36	0	25	8	10
37	36	38	38	0	1	3	3	22	16
0	1	0	0	38	1	0	5	3	6
>MA0017.1 NR2F1
0	1	12	6	0	0	0	1	2	6	6	1	3	0
0	0	0	7	13	3	2	0	0	4	5	10	6	3
2	12	1	0	0	0	0	0	11	3	1	1	0	3
11	0	0	0	0	10	11	12	0	0	1	1	4	7
>MA0019.1 Ddit3::Cebpa
14	11	18	0	0	4	38	36	0	14	4	0
7	7	3	1	0	33	1	2	6	17	23	26
12	14	15	0	38	0	0	1	0	5	9	6
6	7	3	38	1	2	0	0	33	3	3	7
>MA0020.1 Dof2
21	21	21	0	3	7
0	0	0	0	14	6
0	0	0	21	2	3
0	0	0	0	2	5
>MA0021.1 Dof3
21	21	21	0	0	6
0	0	0	0	10	6
0	0	0	21	3	9
0	0	0	0	8	0
>MA0022.1 dl_1
0	0	0	0	1	1	1	0	0	1	1	3
5	0	1	0	1	0	0	0	3	9	9	5
6	12	11	10	3	2	0	0	0	0	1	5
2	1	1	3	8	10	12	13	10	3	2	0
>MA0023.1 dl_2
0	0	0	0	4	2	0	0	0	1
1	0	0	0	1	1	0	1	9	8
7	7	9	8	0	0	0	0	0	0
1	2	0	1	4	6	9	8	0	0
>MA0025.1 NFIL3
1	0	22	0	2	0	23	22	0	7	5
0	0	0	8	0	0	0	0	11	5	5
0	2	0	0	21	0	0	1	4	7	3
22	21	1	15	0	23	0	0	8	4	10
>MA0026.1 Eip74EF
2	5	0	0	17	17	5
12	12	0	0	0	0	1
2	0	17	17	0	0	10
1	0	0	0	0	0	1
>MA0027.1 En1
4	5	3	0	4	3	3	2	1	1	1
1	2	0	0	0	0	0	1	3	4	6
2	2	7	2	3	7	0	4	3	1	1
3	1	0	8	3	0	7	3	3	4	2
>MA0028.1 ELK1
7	10	9	5	2	0	1	27	21	13
7	6	4	19	24	0	0	0	5	0
10	6	10	1	1	24	27	1	0	14
4	6	5	3	1	4	0	0	2	1
>MA0029.1 Mecom
14	20	0	27	1	27	26	0	27	0	24	23	6	15
2	1	1	0	10	0	0	0	0	3	1	0	7	6
6	2	25	0	0	0	1	27	0	0	0	4	7	3
5	4	1	0	16	0	0	0	0	24	2	0	7	3
>MA0030.1 FOXF2
1	10	17	13	3	7	0	27	27	27	0	27	16	7
10	7	4	5	11	0	0	0	0	0	25	0	4	4
7	5	2	5	8	20	0	0	0	0	0	0	2	6
9	5	4	5	0	0	27	0	0	0	2	0	5	10
>MA0031.1 FOXD1
1	0	19	20	18	1	20	7
1	0	1	0	1	18	0	2
17	0	0	0	1	0	0	3
1	20	0	0	0	1	0	8
>MA0032.1 FOXC1
4	2	4	6	7	0	0	16
4	5	4	4	3	0	0	0
5	6	3	5	2	16	0	0
3	3	5	1	4	0	16	0
>MA0033.1 FOXL1
7	10	6	13	4	21	0	22
1	4	3	4	10	0	2	1
4	2	6	4	2	2	0	0
11	7	8	2	7	0	21	0
>MA0034.1 Gamyb
4	10	3	23	25	1	3	6	10	5
6	5	13	1	0	24	14	0	11	19
11	7	0	1	0	0	6	19	0	1
4	3	9	0	0	0	2	0	4	0
>MA0038.1 Gfi1
9	28	53	53	1	1	31	8	19	7
20	16	0	0	0	52	7	28	11	13
9	7	0	0	1	0	2	11	2	28
15	2	0	0	51	0	13	6	21	5
>MA0040.1 Foxq1
4	13	5	3	0	0	0	0	17	0	6
4	1	2	0	0	0	0	0	0	1	0
3	3	0	0	18	0	0	0	1	4	3
7	1	11	15	0	18	18	18	0	13	9
>MA0041.1 Foxd3
11	30	24	1	12	0	1	5	14	6	1	0
3	2	1	4	0	0	0	0	0	7	2	12
26	0	0	0	34	0	0	10	21	0	4	0
7	15	22	42	1	47	46	32	12	34	40	35
>MA0042.1 FOXI1
6	4	11	0	13	0	0	0	15	0	8	2
1	8	4	0	0	0	0	0	0	0	1	1
14	12	8	0	18	0	0	0	16	7	4	4
10	7	8	31	0	31	31	31	0	24	18	24
>MA0043.1 HLF
1	6	1	0	13	0	6	0	13	15	2	5
4	0	0	0	1	15	0	9	4	0	3	5
8	12	0	3	2	1	12	0	1	1	1	3
5	0	17	15	2	2	0	9	0	2	12	5
>MA0044.1 HMG-1
0	0	0	0	0	6	3	0	0
5	0	4	2	1	1	5	1	8
8	3	0	10	0	3	0	2	1
0	10	9	1	12	3	5	10	4
>MA0045.1 HMG-I/Y
3	7	9	3	11	11	11	3	4	3	8	8	9	9	11	2
5	0	1	6	0	0	0	3	1	4	5	1	0	5	0	7
4	3	1	4	3	2	2	2	8	6	1	4	2	0	3	0
2	4	3	1	0	1	1	6	1	1	0	1	3	0	0	5
>MA0046.1 HNF1A
5	1	1	1	20	16	1	8	14	2	0	13	8	5
0	0	0	0	0	2	0	2	0	0	4	1	8	13
14	20	0	0	0	1	0	4	1	0	0	3	3	0
2	0	20	20	1	2	20	7	6	19	17	4	2	3
>MA0048.1 NHLH1
13	13	3	1	54	1	1	1	0	3	2	5
13	39	5	53	0	1	50	1	0	37	0	17
17	2	37	0	0	52	3	0	53	8	37	12
11	0	9	0	0	0	0	52	1	6	15	20
>MA0049.1 hb
1	6	9	4	13	16	16	14	15	9
5	8	3	3	1	0	0	0	1	2
8	2	4	1	0	0	0	2	0	2
2	0	0	8	2	0	0	0	0	3
>MA0051.1 IRF2
0	2	12	11	12	2	0	0	12	12	12	0	0	5	6	6	5	3
4	0	0	0	0	0	6	0	0	0	0	6	7	2	0	1	2	6
7	10	0	0	0	10	0	12	0	0	0	6	2	3	2	1	1	1
1	0	0	1	0	0	6	0	0	0	0	0	3	2	4	4	4	2
>MA0053.1 MNB1A
15	15	15	0	3
0	0	0	0	9
0	0	0	15	0
0	0	0	0	3
>MA0054.1 myb.Ph3
19	64	63	4	10	10	13	3	28
3	1	0	62	27	2	8	17	1
2	2	2	3	16	53	0	1	0
46	3	5	1	17	5	49	49	41
>MA0056.1 MZF1_1-4
3	0	2	0	0	18
5	0	0	0	0	0
4	19	18	19	20	2
8	1	0	1	0	0
>MA0057.1 MZF1_5-13
1	2	15	0	0	0	0	3	10	8
4	0	1	0	0	2	0	1	0	2
7	7	0	11	15	14	14	8	4	4
4	7	0	5	1	0	2	4	2	2
>MA0059.1 MYC::MAX
7	15	2	1	21	0	1	0	0	1	3
1	1	9	20	0	20	0	1	0	1	5
9	4	9	0	0	0	20	0	21	18	0
4	1	1	0	0	1	0	20	0	1	13
>MA0063.1 Nkx2-5
7	0	17	17	0	4	2
0	4	0	0	0	2	1
1	0	0	0	7	0	11
9	13	0	0	10	11	3
>MA0064.1 PBF
16	16	16	0	1
0	0	0	0	9
0	0	0	16	1
0	0	0	0	5
>MA0066.1 PPARG
3	3	19	0	1	0	2	26	5	5	4	1	2	22	1	0	3	22	5	7
8	0	0	1	0	1	23	1	15	7	2	0	5	5	27	25	12	5	12	0
14	0	9	27	26	4	3	0	4	10	18	2	20	0	0	0	0	0	6	1
3	25	0	0	1	23	0	1	4	6	4	25	1	1	0	3	13	1	5	20
>MA0067.1 Pax2
10	7	3	0	26	2	2	1
7	1	2	28	1	17	0	11
5	21	0	1	3	1	19	11
9	2	26	2	1	11	10	8
>MA0068.1 Pax4
7	20	16	11	13	11	6	9	5	5	6	7	8	6	10	4	3	7	4	9	5	5	7	6	3	7	3	1	6	3
2	0	2	1	1	3	1	1	3	11	11	7	7	5	5	8	6	8	9	6	7	6	11	9	12	9	12	11	11	13
11	1	1	1	3	1	2	1	6	1	4	5	2	1	4	4	4	3	3	2	5	2	0	1	2	2	2	3	1	2
1	0	2	8	4	6	12	10	7	4	0	2	4	9	2	5	8	3	5	4	4	8	3	5	4	3	4	6	3	3
>MA0069.1 Pax6
2	2	4	39	3	1	1	21	1	2	36	11	1	1
4	2	26	2	34	0	37	2	4	14	0	11	5	0
4	0	1	1	1	41	4	2	1	25	6	13	3	17
33	39	12	1	5	1	1	18	37	2	1	8	34	25
>MA0070.1 PBX1
5	3	16	1	0	17	17	0	0	16	12	8
6	9	1	1	18	1	0	0	18	1	0	2
2	3	1	0	0	0	0	1	0	0	1	2
5	3	0	16	0	0	1	17	0	1	5	6
>MA0071.1 RORA_1
15	9	6	11	21	0	0	0	0	25
1	1	12	2	0	0	0	0	25	0
2	0	4	5	4	25	25	0	0	0
7	15	3	7	0	0	0	25	0	0
>MA0072.1 RORA_2
9	17	15	35	23	2	0	28	0	0	0	0	36	15
8	2	0	1	0	12	0	0	0	0	0	36	0	6
8	7	3	0	0	13	0	8	36	36	0	0	0	10
11	10	18	0	13	9	36	0	0	0	36	0	0	5
>MA0073.1 RREB1
3	1	3	0	7	9	8	4	0	11	4	1	3	4	2	4	4	4	1	4
8	10	8	11	4	2	3	6	11	0	7	10	8	6	9	5	5	6	7	4
0	0	0	0	0	0	0	0	0	0	0	0	0	1	0	0	1	0	3	2
0	0	0	0	0	0	0	1	0	0	0	0	0	0	0	2	1	1	0	1
>MA0074.1 RXRA::VDR
3	0	0	0	0	9	4	2	2	5	0	0	1	0	7
0	0	0	0	9	0	2	4	0	0	0	0	0	9	1
7	10	9	0	0	1	0	2	8	5	10	0	0	0	2
0	0	1	10	1	0	4	2	0	0	0	10	9	1	0
>MA0075.1 Prrx2
52	59	0	0	58
2	0	0	0	0
4	0	1	0	1
1	0	58	59	0
>MA0077.1 SOX9
3	8	71	2	7	2	13	9	14
55	38	1	1	0	2	0	7	31
9	6	0	2	4	72	4	6	7
9	24	4	71	65	0	59	54	24
>MA0078.1 Sox17
7	8	3	30	0	0	0	0	0
9	8	18	0	1	0	0	0	17
6	4	1	0	0	0	31	2	10
9	11	9	1	30	31	0	29	4
>MA0081.1 SPIB
31	4	24	2	1	48	47
0	14	16	0	0	0	0
0	29	7	47	47	0	0
18	2	2	0	1	1	2
>MA0082.1 squamosa
11	0	24	16	23	17	24	8	14	1	14	25	21	7
14	22	0	2	0	0	1	0	1	1	5	5	2	5
1	0	4	1	0	0	0	1	15	28	1	0	3	8
4	8	2	11	7	13	5	21	0	0	10	0	4	10
>MA0084.1 SRY
5	8	15	18	25	0	28	27	7
5	3	0	3	0	26	0	0	0
10	4	3	3	0	0	0	1	2
8	13	10	4	3	2	0	0	19
>MA0085.1 Su(H)
1	0	0	0	0	3	0	10	10	5	1	1	4	3	4	2
3	4	0	0	0	0	0	0	0	5	7	2	2	1	3	1
3	0	10	0	10	7	10	0	0	0	1	4	2	4	2	2
3	6	0	10	0	0	0	0	0	0	1	3	2	2	1	5
>MA0086.1 sna
0	39	3	2	0	0
39	0	0	0	0	0
1	0	37	38	0	38
0	1	0	0	40	2
>MA0087.1 Sox5
23	0	0	1	0	1	8
0	0	0	0	1	1	3
0	1	0	22	0	0	4
0	22	23	0	22	21	8
>MA0088.1 znf143
0	6	2	0	2	1	0	0	9	0	4	6	0	0	0	4	3	2	1	3
3	2	3	3	1	7	10	10	1	1	4	2	0	1	10	5	1	3	1	6
4	1	1	2	0	0	0	0	0	4	2	2	1	6	0	0	1	0	7	1
3	1	4	5	7	2	0	0	0	5	0	0	9	3	0	1	5	5	1	0
>MA0089.1 NFE2L1::MafG
7	29	0	1	34	0
11	2	0	0	0	26
10	3	0	32	0	2
6	0	34	1	0	6
>MA0090.1 TEAD1
1	9	0	12	0	0	0	0	5	1	2	0
6	0	12	0	0	0	12	11	0	7	4	2
1	3	0	0	0	0	0	0	0	4	3	8
4	0	0	0	12	12	0	1	7	0	3	2
>MA0091.1 TAL1::TCF3
13	9	39	20	0	44	0	12	0	0	0	4
14	10	0	24	43	0	1	32	0	0	3	4
8	20	3	0	1	0	11	0	0	43	20	2
9	5	2	0	0	0	32	0	44	1	21	34
>MA0092.1 Hand1::Tcfe2a
4	10	2	0	0	0	0	9	16	5
8	0	2	28	0	0	3	14	0	4
10	15	1	0	0	29	25	1	3	4
7	4	24	1	29	0	1	5	10	16
>MA0096.1 bZIP910
15	0	0	35	0	0	0
15	0	0	0	35	0	0
5	0	35	0	0	35	0
0	35	0	0	0	0	35
>MA0097.1 bZIP911
1	17	0	0	33	0	0	0	0	1	11	1
0	0	0	0	0	33	0	0	1	0	20	32
31	16	0	33	0	0	33	0	32	22	1	0
1	0	33	0	0	0	0	33	0	10	1	0
>MA0101.1 REL
0	0	1	5	6	5	1	2	0	1
5	1	0	1	5	1	0	0	15	16
8	15	15	9	3	1	0	0	0	0
4	1	1	2	3	10	16	15	2	0
>MA0107.1 RELA
0	0	0	11	10	2	0	0	0	0
4	0	0	0	3	0	0	2	18	18
11	17	18	7	4	0	0	0	0	0
3	1	0	0	1	16	18	16	0	0
>MA0108.2 TBP
61	16	352	3	354	268	360	222	155	56	83	82	82	68	77
145	46	0	10	0	0	3	2	44	135	147	127	118	107	101
152	18	2	2	5	0	20	44	157	150	128	128	128	139	140
31	309	35	374	30	121	6	121	33	48	31	52	61	75	71
>MA0109.1 Hltf
16	20	26	0	25	0	24	0	15	12
10	12	33	59	0	0	5	0	14	12
12	5	0	0	0	0	12	22	14	10
13	16	0	0	34	59	18	37	8	15
>MA0111.1 Spz1
9	0	2	0	1	8	6	1	10	0	2
0	2	0	0	0	0	0	9	0	1	8
3	9	10	11	1	0	2	2	2	9	2
0	1	0	1	10	4	4	0	0	2	0
>MA0115.1 NR1H2::RXRA
17	17	20	0	0	0	0	25	24	25	0	0	0	0	25	20	0
5	1	0	0	0	0	25	0	0	0	0	0	0	25	0	1	15
0	5	5	25	24	0	0	0	0	0	25	25	0	0	0	2	6
3	2	0	0	1	25	0	0	1	0	0	0	25	0	0	2	4
>MA0116.1 Zfp423
7	0	16	17	0	0	1	24	13	0	0	0	0	0	11
4	16	17	16	33	33	17	0	0	0	0	0	0	8	22
22	17	0	0	0	0	0	0	16	33	33	17	16	16	0
0	0	0	0	0	0	15	9	4	0	0	16	17	9	0
>MA0117.1 Mafb
0	1	0	1	12	3	3	2
0	12	3	0	2	8	1	5
15	1	1	12	0	1	7	5
0	1	11	2	1	3	4	3
>MA0118.1 Macho-1
5	9	0	0	3	0	5	5	13
15	2	0	0	4	0	7	14	14
6	23	42	42	23	42	15	4	10
16	8	0	0	12	0	15	19	5
>MA0119.1 TLX1::NFIC
0	0	0	0	14	2	2	7	4	0	0	0	16	14
0	0	0	16	1	8	8	1	3	0	16	16	0	0
0	16	16	0	0	5	4	5	2	16	0	0	0	1
16	0	0	0	1	1	2	3	7	0	0	0	0	1
>MA0120.1 id1
1	3	1	0	0	2	3	1	8	0	0	2
1	3	2	9	13	11	8	1	5	6	17	0
2	4	9	3	4	4	2	1	1	7	0	18
20	14	12	12	7	7	11	21	10	11	7	4
>MA0121.1 ARR10
14	0	14	0	4	1	0	3
1	0	0	0	6	8	0	6
0	15	1	0	0	0	9	4
0	0	0	15	5	6	6	2
>MA0122.1 Nkx3-2
4	1	13	24	0	0	6	4	9
7	4	1	0	0	0	0	6	7
4	5	7	0	24	0	18	12	5
9	14	3	0	0	24	0	2	3
>MA0123.1 abi4
0	12	0	0	1	0	5	3	3	4
49	0	20	23	3	45	28	25	31	26
0	37	29	1	45	4	6	11	5	7
0	0	0	25	0	0	10	10	10	12
>MA0124.1 NKX3-1
13	0	20	0	1	1	19
1	1	0	19	0	0	0
3	0	0	0	0	0	1
3	19	0	1	19	19	0
>MA0125.1 Nobox
0	36	38	1	2	15	4	2
1	0	0	1	0	0	12	13
0	0	0	2	4	22	18	6
37	2	0	34	32	1	4	17
>MA0126.1 ovo
10	1	4	20	21	0	7	0	5
4	4	2	0	0	21	5	0	4
0	14	2	0	0	0	3	21	2
7	2	13	1	0	0	6	0	10
>MA0127.1 PEND
30	6	1	4	3	0	2	32	4	2
2	19	0	0	33	2	0	7	3	5
8	7	2	4	2	2	1	2	0	14
2	10	39	34	4	38	39	1	35	21
>MA0128.1 EmBP-1
9	1	13	0	0	0	0	0
0	7	0	12	0	0	1	1
0	4	0	0	13	0	12	12
4	1	0	1	0	13	0	0
>MA0129.1 TGA1A
4	13	0	2	1	0	13
4	0	14	0	0	15	0
0	1	0	13	0	0	1
7	1	1	0	14	0	1
>MA0130.1 ZNF354C
7	3	0	0	16	0
6	2	16	16	0	15
3	0	0	0	0	1
0	11	0	0	0	0
>MA0131.1 HINFP
2	13	20	2	0	0	0	0	0	2
6	1	0	17	0	1	19	18	0	13
5	0	0	1	19	0	0	2	19	1
7	6	0	0	1	19	1	0	1	4
>MA0132.1 Pdx1
1	0	31	31	0	1
19	0	0	0	0	1
5	0	0	0	1	10
6	31	0	0	30	19
>MA0133.1 BRCA1
15	4	41	36	7	19	3
11	35	1	2	29	14	22
10	2	1	4	6	7	15
7	2	0	1	1	3	3
>MA0135.1 Lhx3
9	16	19	0	0	19	20	2	0	16	9	2	2
0	2	0	0	0	0	0	2	1	1	0	8	9
3	2	0	0	0	0	0	0	0	0	3	0	3
8	0	1	20	20	1	0	16	19	3	8	10	6
>MA0136.1 ELF5
12	29	2	14	0	0	0	4	4
9	3	20	0	1	44	44	3	8
3	7	5	1	0	0	0	11	11
20	5	17	29	43	0	0	26	21
>MA0139.1 CTCF
87	167	281	56	8	744	40	107	851	5	333	54	12	56	104	372	82	117	402
291	145	49	800	903	13	528	433	11	0	3	12	0	8	733	13	482	322	181
76	414	449	21	0	65	334	48	32	903	566	504	890	775	5	507	307	73	266
459	187	134	36	2	91	11	324	18	3	9	341	8	71	67	17	37	396	59
>MA0142.1 Pou5f1::Sox2
63	579	11	47	118	415	206	1235	17	10	14	1050	887	1200	198
846	58	50	12	363	18	365	30	5	16	1029	16	68	33	119
66	28	36	79	825	29	186	24	15	1239	129	30	315	75	207
389	701	1270	1231	63	907	612	80	1332	104	196	269	92	53	837
>MA0149.1 EWSR1-FLI1
0	2	104	104	1	2	103	102	0	0	99	105	0	0	100	102	5	3
0	0	0	0	0	0	0	0	0	2	4	0	0	2	3	0	0	3
105	103	1	1	104	102	2	3	104	103	2	0	105	103	0	2	97	97
0	0	0	0	0	1	0	0	1	0	0	0	0	0	2	1	3	2
>MA0062.2 GABPA
32	70	0	0	991	989	94	56	154	264	233
768	914	0	0	1	2	32	261	137	262	357
188	4	990	991	1	0	866	37	603	415	224
1	1	1	0	0	2	0	637	96	49	176
>MA0039.2 Klf4
1468	88	14	14	277	22	42	264	123	254
81	9	13	36	1922	15	80	46	130	2858
1022	4237	4304	4281	11	4273	2179	3902	3789	280
1765	6	13	16	2139	34	2042	125	289	932
>MA0138.2 REST
211	58	76	1452	34	122	1575	3	35	913	219	39	20	1406	13	1574	42	205	366	213	179
174	269	1366	30	44	978	7	1586	1481	201	375	7	5	112	1280	9	13	1007	31	933	1114
366	146	50	94	1516	323	12	12	20	162	124	1551	1577	34	233	7	1530	183	688	319	37
840	1124	105	26	10	182	12	5	70	329	886	7	2	51	74	10	9	198	507	125	260
>MA0002.2 RUNX1
287	234	123	57	0	87	0	17	10	131	500
496	485	1072	0	75	127	0	42	400	463	158
696	467	149	7	1872	70	1987	1848	251	81	289
521	814	656	1936	53	1716	13	93	1339	1325	1053
>MA0047.2 Foxa2
1	221	1	1	1	736	2	338	50	417	131	129
1	3	1	3	1	4	725	77	265	6	53	195
1	582	1	36	175	67	2	3	58	24	482	290
805	3	806	769	634	3	81	391	436	360	140	189
>MA0112.2 ESR1
122	107	64	83	134	308	36	19	33	4	398	58	63	64	32	21	305	10	59	26
120	80	173	229	232	28	8	18	41	394	13	250	276	258	19	22	106	436	353	165
154	164	149	65	47	89	387	420	91	53	27	107	53	97	8	426	31	12	2	22
71	117	82	93	57	48	43	18	310	24	37	60	83	56	416	6	33	17	61	262
>MA0065.2 PPARG::RXRA
94	101	390	100	139	145	71	819	522	713	82	41	22	54	676
317	166	23	3	15	129	547	21	48	5	2	9	99	555	58
320	127	368	671	674	395	179	15	270	137	767	693	263	144	47
126	464	79	87	34	193	66	8	23	9	12	120	479	109	81
>MA0151.1 ARID3A
27	0	1	27	27	20
0	0	9	0	0	0
0	0	0	0	0	1
0	27	17	0	0	6
>MA0152.1 NFATC2
3	1	1	0	1	0	18
1	2	1	0	25	26	3
2	2	0	0	0	0	1
20	21	24	26	0	0	4
>MA0153.1 HNF1B
0	0	8	7	0	5	3	0	0	8	9	0
3	3	1	1	0	0	0	0	0	0	0	8
0	0	0	1	0	4	1	1	0	1	0	0
6	6	0	0	9	0	5	8	9	0	0	1
>MA0155.1 INSM1
1	0	0	6	16	0	0	0	0	0	3	10
0	0	8	15	0	0	1	0	0	2	16	0
4	20	3	0	0	24	23	24	24	16	0	12
19	4	13	3	8	0	0	0	0	6	5	2
>MA0156.1 FEV
2	9	0	0	13	12	7	0
9	3	0	0	0	0	0	0
1	1	13	13	0	0	6	0
1	0	0	0	0	1	0	13
>MA0157.1 FOXO3
0	1	3	13	12	13	0	12
0	2	0	0	1	0	12	0
5	10	1	0	0	0	0	0
8	0	9	0	0	0	1	1
>MA0158.1 HOXA5
2	7	0	6	14	14	0	0
13	0	7	0	0	0	0	1
0	5	5	1	0	2	0	6
0	4	4	9	2	0	16	9
>MA0159.1 RXR::RAR_DR5
12	0	1	0	0	22	4	5	5	13	5	17	1	0	2	1	21
0	0	0	0	18	0	7	8	4	1	6	3	1	1	1	17	0
11	23	13	1	3	1	5	9	11	7	12	3	20	16	3	3	1
0	0	9	22	2	0	7	1	3	2	0	0	1	6	17	2	1
>MA0160.1 NR4A2
8	13	0	3	2	0	14	3
1	0	0	0	2	13	0	8
3	1	13	11	0	0	0	2
1	0	1	0	10	1	0	0
>MA0161.1 NFIC
358	81	81	91	1226	3298
1832	67	67	88	5364	981
176	300	6713	6643	160	1186
4546	6464	51	90	162	1447
>MA0163.1 PLAG1
0	3	0	0	0	0	4	12	11	2	0	0	0	2
0	0	0	0	14	15	10	0	5	0	0	0	0	0
18	14	18	17	4	1	1	0	2	14	18	18	16	16
0	1	0	1	0	2	3	6	0	2	0	0	2	0
>MA0164.1 Nr2e3
4	23	23	0	0	0	0
12	0	0	1	23	0	0
2	0	0	22	0	0	0
5	0	0	0	0	23	23
>MA0018.2 CREB1
0	0	11	0	1	0	2	8
1	1	0	9	0	3	7	0
1	10	0	2	10	0	1	1
9	0	0	0	0	8	1	2
>MA0099.2 JUN::FOS
0	0	16	5	3	0	16
1	0	2	12	0	15	0
0	15	0	1	1	3	1
17	3	0	0	14	0	1
>MA0165.1 Abd-B
1	0	5	21	0	3	13
0	0	0	0	3	0	0
0	0	0	0	0	11	5
20	21	16	0	18	7	3
>MA0166.1 Antp
1	0	16	16	0	0	15
1	0	0	0	0	0	0
0	0	0	0	0	9	1
14	16	0	0	16	7	0
>MA0167.1 Awh
3	1	33	40	0	0	34
16	0	0	0	0	0	0
0	0	7	0	1	8	4
21	39	0	0	39	32	2
>MA0168.1 B-H1
4	0	21	21	8	1	1
4	0	0	0	0	7	0
0	0	0	0	0	0	20
13	21	0	0	13	13	0
>MA0169.1 B-H2
6	0	21	21	5	3	0
2	0	0	0	0	1	0
1	0	0	0	0	2	21
12	21	0	0	16	15	0
>MA0170.1 C15
1	0	17	19	6	0	10
1	0	0	0	2	3	0
0	0	0	0	0	6	9
17	19	2	0	11	10	0
>MA0171.1 CG11085
0	0	13	13	1	2	1
3	0	0	0	0	1	0
0	0	0	0	0	2	12
10	13	0	0	12	8	0
>MA0172.1 CG11294
0	0	15	15	0	0	15
3	2	0	0	0	0	0
0	0	0	0	0	0	0
12	13	0	0	15	15	0
>MA0173.1 CG11617
1	0	10	17	0	17	0
0	0	0	0	17	0	0
0	0	3	0	0	0	0
16	17	4	0	0	0	1
>MA0174.1 CG42234
2	2	6	16	0	0	13
0	0	0	0	0	2	0
0	0	2	0	0	6	3
14	14	8	0	16	8	0
>MA0175.1 CG13424
2	0	21	21	0	3	8
7	0	0	0	0	0	0
1	0	0	0	0	4	13
11	21	0	0	21	14	0
>MA0176.1 CG15696
2	2	21	32	0	0	16
3	3	0	0	0	0	0
3	0	6	0	0	2	16
24	27	5	0	32	30	0
>MA0177.1 CG18599
4	0	25	25	0	0	23
10	0	0	0	0	1	0
1	0	0	0	0	8	2
10	25	0	0	25	16	0
>MA0178.1 CG32105
2	2	17	19	0	0	15
4	0	0	0	0	0	0
0	0	0	0	1	1	4
13	17	2	0	18	18	0
>MA0179.1 CG32532
2	0	23	23	0	0	12
6	0	0	0	0	0	0
2	0	0	0	0	2	10
13	23	0	0	23	21	1
>MA0180.1 Vsx2
1	2	0	13	13	0	0	10	1
1	2	0	0	0	0	0	0	2
5	0	0	0	0	0	0	3	10
6	9	13	0	0	13	13	0	0
>MA0181.1 Vsx1
1	0	22	22	0	2	15
8	0	0	0	0	0	0
1	0	0	0	0	3	6
12	22	0	0	22	17	1
>MA0182.1 CG4328
12	7	13	30	0	0	15
2	1	0	0	0	0	0
3	0	0	0	0	6	15
13	22	17	0	30	24	0
>MA0183.1 CG7056
7	0	0	21	26	0	7	22
3	7	6	0	0	3	0	0
2	0	7	2	0	3	1	4
14	19	13	3	0	20	18	0
>MA0184.1 CG9876
2	0	18	20	0	0	14
9	0	0	0	0	0	0
3	0	0	0	0	1	6
6	20	2	0	20	19	0
>MA0185.1 Deaf1
0	0	0	0	0	1
3	0	10	0	0	3
0	0	0	10	5	4
7	10	0	0	5	2
>MA0186.1 Dfd
1	0	24	24	0	1	21
4	0	0	0	0	0	0
3	0	0	0	0	19	3
16	24	0	0	24	4	0
>MA0187.1 Dll
1	22	23	0	3	10	1
0	0	0	0	0	0	12
0	1	0	0	3	9	4
22	0	0	23	17	4	6
>MA0188.1 Dr
1	0	21	21	0	0	21
13	16	0	0	0	0	0
6	0	0	0	0	0	0
1	5	0	0	21	21	0
>MA0189.1 E5
5	3	43	42	1	5	34
15	0	0	0	0	0	0
6	0	0	0	1	16	9
17	40	0	1	41	22	0
>MA0190.1 Gsc
0	22	22	0	0	0
0	0	0	0	22	14
0	0	0	0	0	2
22	0	0	22	0	6
>MA0191.1 HGTX
4	0	20	20	0	1	15
2	0	0	0	0	0	0
3	0	0	0	0	6	5
11	20	0	0	20	13	0
>MA0192.1 Hmx
1	0	20	20	1	0	4
3	0	0	0	0	3	0
0	0	0	0	0	0	16
16	20	0	0	19	17	0
>MA0193.1 Lag1
0	0	17	1	0	18	12
19	9	2	18	12	0	0
0	0	0	0	0	1	4
0	10	0	0	7	0	3
>MA0194.1 Lim1
0	0	18	18	0	0	17
2	0	0	0	0	0	0
0	0	0	0	0	0	1
16	18	0	0	18	18	0
>MA0195.1 Lim3
3	4	16	20	0	0	16
7	0	0	0	0	2	0
2	0	3	0	0	4	4
8	16	1	0	20	14	0
>MA0196.1 NK7.1
5	0	33	35	4	6	13
5	0	0	0	0	0	0
1	0	2	0	5	7	22
24	35	0	0	26	22	0
>MA0197.1 Oct
2	8	1	22	22	0	2	15
4	3	0	0	0	0	3	1
7	0	0	0	0	0	6	1
9	11	21	0	0	22	11	5
>MA0198.1 OdsH
0	0	22	22	0	0	13
11	0	0	0	0	0	0
4	0	0	0	0	0	8
7	22	0	0	22	22	1
>MA0199.1 Optix
0	0	27	0	26
5	0	0	0	0
0	27	0	0	1
22	0	0	27	0
>MA0200.1 Pph13
6	0	21	21	0	0	13
8	0	0	0	0	1	1
3	0	0	0	0	0	6
4	21	0	0	21	20	1
>MA0201.1 Ptx1
0	0	20	20	0	0	0
5	0	0	0	0	20	19
1	0	0	0	0	0	0
14	20	0	0	20	0	1
>MA0202.1 Rx
3	0	27	27	0	0	17
13	0	0	0	0	0	0
0	0	0	0	0	0	10
11	27	0	0	27	27	0
>MA0203.1 Scr
3	0	25	25	0	0	23
7	0	0	0	0	0	0
0	0	0	0	0	18	2
15	25	0	0	25	7	0
>MA0204.1 Six4
0	0	20	0	20	1
0	0	0	7	0	19
0	20	0	4	0	0
20	0	0	9	0	0
>MA0205.1 Trl
4	6	12	0	3	1	13	5	7	9
22	23	6	64	0	70	0	54	13	33
9	11	30	3	14	0	2	7	11	10
36	31	23	4	54	0	56	5	40	19
>MA0206.1 abd-A
1	0	16	18	1	0	15
3	0	0	0	0	0	1
0	0	0	0	0	6	2
14	18	2	0	17	12	0
>MA0207.1 achi
0	0	23	0	23	3
0	0	0	22	0	0
0	23	0	0	0	12
23	0	0	1	0	2
>MA0208.1 al
0	20	20	0	0	17	18
0	0	0	0	0	0	0
0	0	0	0	0	3	2
20	0	0	20	20	0	0
>MA0209.1 ap
2	1	19	19	0	0	16
10	0	0	0	0	0	0
0	0	0	0	0	6	3
7	18	0	0	19	13	0
>MA0210.1 ara
14	23	34	0	34
0	0	0	34	0
5	0	0	0	0
15	11	0	0	0
>MA0211.1 bap
0	0	23	23	0	1	7
0	0	0	0	0	0	0
1	0	0	0	23	0	16
22	23	0	0	0	22	0
>MA0212.1 bcd
0	20	22	0	0	0
0	0	0	0	22	21
0	0	0	1	0	0
22	2	0	21	0	1
>MA0213.1 brk
1	0	0	0	0	1	1	0
5	4	0	0	10	0	8	5
4	0	10	10	0	9	0	1
0	6	0	0	0	0	1	4
>MA0214.1 bsh
1	0	16	16	0	0	7
3	0	0	0	1	3	0
2	0	0	0	0	6	9
10	16	0	0	15	7	0
>MA0215.1 btn
5	0	22	23	0	0	19
1	0	0	0	1	0	0
4	0	1	0	0	15	3
13	23	0	0	22	8	1
>MA0217.1 caup
4	14	19	0	19
1	0	0	19	0
2	2	0	0	0
12	3	0	0	0
>MA0218.1 ct
0	1	9	20	17	0
6	2	0	0	0	19
0	0	11	0	1	1
14	17	0	0	2	0
>MA0219.1 ems
3	3	19	19	0	0	14
7	0	0	0	0	1	0
1	0	0	1	0	10	6
9	17	1	0	20	9	0
>MA0220.1 en
2	0	23	23	0	0	13
8	0	0	0	0	0	0
2	0	0	0	0	2	10
11	23	0	0	23	21	0
>MA0221.1 eve
3	1	22	22	0	0	17
10	0	0	0	2	2	0
0	0	0	0	1	11	4
9	21	0	0	19	9	1
>MA0222.1 exd
4	1	0	0	0	17	0	11
4	0	0	0	0	0	12	0
4	2	0	0	17	0	0	6
5	14	17	17	0	0	5	0
>MA0224.1 exex
0	0	23	23	0	1	20
7	0	0	0	0	1	0
10	0	0	0	0	0	3
6	23	0	0	23	21	0
>MA0225.1 ftz
1	1	18	18	0	0	14
2	0	0	0	0	0	0
0	0	0	0	0	9	4
15	17	0	0	18	9	0
>MA0226.1 hbn
2	0	17	17	0	0	9
2	0	0	0	0	0	0
2	0	0	0	0	0	7
11	17	0	0	17	17	1
>MA0227.1 hth
0	0	17	0	14	0
0	0	0	17	0	0
0	17	0	0	3	8
17	0	0	0	0	4
>MA0228.1 ind
0	0	21	21	0	0	19
12	0	0	0	0	0	0
0	0	0	0	1	8	2
9	21	0	0	20	13	0
>MA0229.1 inv
4	1	0	16	16	0	0	11
0	9	0	0	0	0	0	0
3	0	0	0	0	0	0	5
9	6	16	0	0	16	16	0
>MA0230.1 lab
1	0	16	16	1	0	16
3	0	0	0	0	0	0
0	0	0	0	0	6	0
12	16	0	0	15	10	0
>MA0231.1 lbe
0	22	22	1	4	19
0	0	0	10	5	0
0	0	0	2	3	3
22	0	0	9	10	0
>MA0232.1 lbl
0	23	23	0	1	17
0	0	0	5	3	0
0	0	0	0	7	6
23	0	0	18	12	0
>MA0233.1 mirr
20	29	41	0	41
1	0	0	41	0
1	2	0	0	0
19	10	0	0	0
>MA0234.1 oc
0	19	19	0	0	0
0	0	0	0	19	17
0	0	0	2	0	1
19	0	0	17	0	1
>MA0235.1 onecut
1	0	0	15	0	0	5
2	0	0	0	0	0	0
0	0	15	0	0	0	4
12	15	0	0	15	15	6
>MA0236.1 otp
1	0	20	20	0	0	15
6	1	0	0	0	1	0
2	0	0	0	0	4	3
11	19	0	0	20	15	2
>MA0238.1 pb
4	0	24	24	0	0	24
9	0	0	0	0	0	0
0	0	0	0	0	11	0
11	24	0	0	24	13	0
>MA0239.1 prd
10	1	4	20	21	0	7	0	5
4	4	2	0	0	21	5	0	4
0	14	2	0	0	0	3	21	2
7	2	13	1	0	0	6	0	10
>MA0240.1 repo
1	1	27	28	0	0	21
4	0	0	0	0	0	0
4	0	0	0	0	0	7
19	27	1	0	28	28	0
>MA0241.1 ro
1	0	23	23	0	0	19
12	0	0	0	0	0	0
3	0	0	0	0	3	4
7	23	0	0	23	20	0
>MA0242.1 run::Bgb
12	27	28	0	0	5	0	28	20
2	0	0	29	28	1	29	0	0
0	1	1	0	1	23	0	0	9
15	1	0	0	0	0	0	1	0
>MA0243.1 sd
3	8	4	14	1	3	0	3	4	5	5	4
0	1	8	0	1	0	8	5	1	6	1	3
8	1	1	0	0	1	0	3	2	3	7	4
3	4	1	0	12	10	6	3	7	0	1	3
>MA0244.1 slbo
9	0	0	3	2	7	6	11
1	1	0	2	10	2	5	1
1	0	3	7	0	2	1	0
1	11	9	0	0	1	0	0
>MA0245.1 slou
3	0	22	21	0	2	11
5	1	0	0	0	1	0
1	0	0	1	0	5	11
13	21	0	0	22	14	0
>MA0246.1 so
0	0	27	0	27	0
0	0	0	0	0	10
1	27	0	1	0	0
26	0	0	26	0	3
>MA0248.1 tup
4	1	16	16	0	1	2
2	0	0	0	0	0	0
1	0	0	0	2	7	13
9	15	0	0	14	8	1
>MA0249.1 twi
1	3	1	0	11	0	7	0	0	1	1	2
4	7	3	14	3	4	1	0	0	0	2	3
3	3	10	1	1	1	5	0	12	2	2	8
7	2	1	0	0	10	2	15	3	12	10	2
>MA0250.1 unc-4
1	0	21	21	0	1	6
5	0	0	0	0	0	1
2	0	0	0	0	0	14
13	21	0	0	21	20	0
>MA0251.1 unpg
1	1	21	21	0	0	14
6	0	0	0	0	0	0
4	0	0	0	0	2	7
10	20	0	0	21	19	0
>MA0252.1 vis
0	0	22	0	22	2
0	0	0	22	0	4
0	22	0	0	0	8
22	0	0	0	0	2
>MA0253.1 vnd
4	1	0	0	19	19	0	2	9
0	8	0	15	0	0	0	0	0
2	1	0	2	0	0	19	0	10
13	9	19	2	0	0	0	17	0
>MA0254.1 vvl
0	11	2	0	3	11
2	0	2	0	8	0
0	0	0	6	0	0
9	0	7	5	0	0
>MA0255.1 z
11	1	1	41	1	8	2	18	10	14
3	7	0	0	0	10	6	7	5	6
5	3	40	0	40	0	29	11	12	2
22	30	0	0	0	23	4	5	14	19
>MA0256.1 zen
2	0	16	16	0	0	16
9	0	0	0	0	0	0
0	0	0	0	0	11	0
5	16	0	0	16	5	0
>MA0257.1 zen2
3	1	26	26	0	0	22
7	0	0	0	1	0	0
5	0	0	0	0	10	4
11	25	0	0	25	16	0
>MA0094.2 Ubx
3	0	0	17	20	0	0	14
5	0	0	0	0	0	0	0
3	0	0	0	0	0	6	6
9	20	20	3	0	20	14	0
>MA0259.1 HIF1A::ARNT
27	10	78	0	0	0	0	18
28	29	2	103	0	0	0	51
49	34	23	0	104	0	104	20
0	31	1	1	0	104	0	15
>MA0260.1 che-1
0	37	37	19	0	0
0	0	0	0	37	26
37	0	0	18	0	11
0	0	0	0	0	0
>MA0261.1 lin-14
0	159	159	0	84	6
0	0	0	159	7	84
159	0	0	0	56	29
0	0	0	0	12	39
>MA0262.1 mab-3
76	86	0	0	0	0	0	0	13	62	50	29	8
3	0	1	0	0	0	0	100	19	0	0	13	8
13	0	0	100	0	0	100	0	67	11	6	22	10
8	14	99	0	100	100	0	0	1	27	44	36	74
>MA0263.1 ttx-3::ceh-10
28	0	1	9	0	2	3	1	14	4	0	0	24	15
0	0	0	0	0	16	5	5	15	3	0	2	1	0
1	1	0	20	28	1	1	0	0	22	0	0	0	9
0	28	28	0	1	10	20	23	0	0	29	27	4	5
>MA0264.1 ceh-22
33	8	0	93	1	0	0	7	95	46	51
15	71	89	1	97	0	16	27	0	29	20
31	19	0	0	0	0	0	63	0	20	15
19	0	9	5	0	99	83	1	4	3	12
>MA0265.1 ABF1
11	0	0	0	41	22	39	34	40	41	12	0	92	0	37	34
41	99	0	0	17	24	16	18	21	0	25	0	8	45	22	18
4	0	99	0	22	26	28	20	24	57	9	81	0	9	18	14
44	1	0	99	20	28	17	28	15	0	55	19	0	46	23	34
>MA0266.1 ABF2
18	9	0	0	100	0	95
39	9	100	0	0	0	2
25	2	0	0	0	100	2
18	80	0	100	0	0	2
>MA0267.1 ACE2
45	1	0	90	0	0	49
28	92	100	10	0	100	20
21	6	0	0	100	0	17
5	1	0	0	0	0	14
>MA0268.1 ADR1
41	0	0	0	0	64	34
24	100	85	100	100	6	51
13	0	0	0	0	20	6
22	0	15	0	0	10	9
>MA0269.1 AFT1
106	155	362	179	426	136	716	145	34	160	10	961	8	25	19	181	265	287	276	123	154
205	249	197	396	231	78	25	31	47	10	966	9	972	955	740	257	252	155	180	225	236
231	220	221	222	154	142	31	288	39	812	11	15	9	2	13	494	241	183	68	357	458
456	374	218	200	187	641	226	535	878	16	10	14	10	16	225	65	240	373	474	292	150
>MA0270.1 AFT2
8	70	0	100	0	0	0	9
45	0	100	0	100	100	100	42
27	30	0	0	0	0	0	27
20	0	0	0	0	0	0	21
>MA0271.1 ARG80
89	0	161	0	44	0
0	0	0	301	0	256
0	301	0	0	79	0
69	0	0	0	69	20
>MA0272.1 ARG81
59	6	20	169	0	1	0	59
12	0	0	0	271	0	279	59
83	4	239	0	0	0	0	4
44	154	0	0	1	164	0	64
>MA0273.1 ARO80
102	330	126	407	390	310	83	40	5	5	1	1	15	670	690	105	269	353	257	236	278
155	193	232	253	193	198	154	744	231	987	22	5	359	4	68	222	119	210	217	103	252
531	301	317	203	229	135	336	30	8	1	975	990	295	6	60	372	193	205	178	349	170
210	174	323	136	186	355	426	185	753	5	1	2	329	318	181	299	418	230	347	310	298
>MA0274.1 ARR1
160	24	30	0	73	129	137	11
0	75	70	0	0	41	0	0
0	29	0	0	161	12	29	24
0	73	87	161	0	0	3	129
>MA0275.1 ASG1
0	0	0	0	72	53
76	100	0	0	11	0
0	0	100	100	16	0
24	0	0	0	0	47
>MA0276.1 ASH1
0	0	61	58	130	0	33	80	0	0
220	291	21	54	0	11	150	0	8	0
8	0	133	101	54	8	8	92	249	256
35	3	10	12	0	147	35	26	19	18
>MA0277.1 AZF1
63	100	100	88	75	0	78	81	63
13	0	0	13	0	0	16	6	13
13	0	0	0	25	100	3	6	13
13	0	0	0	0	0	3	6	13
>MA0278.1 BAS1
64	104	484	78	455	248	98	52	348	12	966	26	9	47	892	487	288	373	178	402	435
217	552	111	401	51	34	724	918	346	3	5	6	10	930	42	123	140	110	367	140	229
425	150	114	186	370	670	143	7	280	977	23	962	4	7	16	320	317	81	184	341	241
292	192	288	333	122	46	33	20	24	6	4	4	975	15	49	68	254	434	268	114	94
>MA0279.1 CAD1
2056	97	0	1889	602	0	1947	2154	0	0
100	0	0	98	213	0	206	0	0	2088
98	0	0	0	1464	0	0	0	1416	0
0	2095	2154	172	0	2154	0	0	798	97
>MA0280.1 CAT8
0	0	0	0	66	32
100	100	0	0	13	18
0	0	100	100	21	28
0	0	0	0	0	22
>MA0281.1 CBF1
19	3	100	0	0	0	0	72
8	92	0	100	0	0	0	17
53	3	0	0	100	0	100	6
19	3	0	0	0	100	0	6
>MA0282.1 CEP3
4	0	0	0	0	91	92	42
56	0	100	0	0	1	3	21
4	0	0	100	100	1	3	21
36	100	0	0	0	7	3	16
>MA0283.1 CHA4
22	0	0	0	0	71	22	48
5	0	100	0	0	0	1	10
68	100	0	100	100	28	76	10
5	0	0	0	0	0	1	31
>MA0284.1 CIN5
0	13	100	11	20	0	91	100	2	15
0	7	0	54	16	0	9	0	14	70
9	23	0	5	57	0	0	0	38	8
91	56	0	31	7	100	0	0	47	7
>MA0285.1 CRZ1
20	28	37	63	0	0	0	42	7
48	22	30	36	0	100	99	30	76
18	17	22	1	100	0	0	7	8
14	32	11	1	0	0	0	21	8
>MA0286.1 CST6
47	1	1	100	0	5	0	45	46
11	1	1	0	100	0	0	28	14
32	1	91	0	0	95	0	8	20
11	96	7	0	0	0	100	18	20
>MA0287.1 CUP2
0	9	0	2	6	4	9	9	7	4	2
7	0	0	7	0	1	0	0	0	0	0
0	0	9	0	3	4	0	0	2	0	7
2	0	0	0	0	0	0	0	0	5	0
>MA0288.1 CUP9
7	0	84	1	91	0	75	40	39
10	0	0	99	0	64	15	0	13
3	100	9	0	9	9	0	0	3
79	0	7	0	0	27	10	60	45
>MA0289.1 DAL80
11	0	100	0	100	90	3
67	0	0	0	0	1	19
6	100	0	0	0	1	75
17	0	0	100	0	7	3
>MA0290.1 DAL81
203	203	203	203	0	0	0	0	0	0	0	0	0	0	0	0	203	0	0
0	0	0	0	0	203	203	0	203	0	0	0	203	0	0	0	0	0	0
0	0	0	0	203	0	0	203	0	203	203	203	0	203	203	203	0	0	0
0	0	0	0	0	0	0	0	0	0	0	0	0	0	0	0	0	203	203
>MA0291.1 DAL82
56	53	39	26	0	0	0	0	11
14	11	3	11	26	0	100	0	68
14	5	3	42	0	100	0	100	11
14	32	55	21	74	0	0	0	11
>MA0292.1 ECM22
28	14	0	0	0	0	93
36	7	100	100	14	0	0
7	7	0	0	86	86	7
28	71	0	0	0	14	0
>MA0293.1 ECM23
31	33	72	10	100	3	1	14	30	32	30
25	25	11	2	0	0	90	19	23	25	26
23	22	10	86	0	0	3	14	21	25	22
21	20	7	2	0	97	7	53	26	19	21
>MA0294.1 EDS1
14	0	0	100	76	48	100	82	15
52	0	0	0	0	24	0	1	20
14	100	100	0	0	10	0	1	11
19	0	0	0	24	19	0	15	54
>MA0295.1 FHL1
0	100	0	0	0	90	48	55
10	0	100	0	100	0	28	15
90	0	0	100	0	0	18	15
0	0	0	0	0	10	8	15
>MA0296.1 FKH1
177	247	520	526	365	119	146	7	959	977	990	1	990	874	671	248	374	284	205	421
287	192	84	76	73	146	4	3	37	11	1	925	1	39	49	191	158	184	116	192
207	334	98	129	150	133	847	0	0	1	2	1	3	16	70	407	296	330	452	248
326	225	297	267	411	600	1	987	1	9	5	71	4	69	208	152	170	200	225	137
>MA0297.1 FKH2
13	0	100	100	100	0	100
0	0	0	0	0	100	0
88	0	0	0	0	0	0
0	100	0	0	0	0	0
>MA0298.1 FZF1
0	0	1	0	0	1
1	0	0	0	1	0
0	0	0	0	0	0
0	1	0	1	0	0
>MA0299.1 GAL4
0	0	0	778	292	1019	2339	567	1913	659	96	1170	0	235	0
2779	0	438	655	1137	810	0	1296	335	592	767	517	1437	392	2779
0	2779	2273	927	1151	1002	538	810	0	1744	494	1105	729	419	0
0	0	97	717	498	390	98	194	737	204	1786	404	824	2001	0
>MA0300.1 GAT1
13	17	0	100	0	100	100	3
44	42	0	0	0	0	0	9
19	5	100	0	0	0	0	84
25	36	0	0	100	0	0	3
>MA0301.1 GAT3
65	8	92	12	3	6	51	28	32
9	2	0	0	94	27	19	33	25
20	88	0	1	1	4	18	21	21
6	1	8	87	2	63	12	17	21
>MA0302.1 GAT4
36	31	80	3	98	0	0	5	40	28	33
21	26	4	0	0	0	99	28	20	26	24
24	18	12	96	0	0	0	3	23	23	21
20	26	4	0	2	99	0	64	17	22	21
>MA0303.1 GCN4
218	371	362	282	275	169	535	11	2	968	2	13	57	973	15	376	207	284	226	254	337
295	217	213	119	177	140	35	8	5	13	433	4	934	6	413	290	354	216	234	329	169
245	268	150	325	316	365	413	6	934	4	562	13	5	8	35	131	194	202	177	232	195
240	142	273	272	230	325	15	973	57	13	1	968	2	11	535	202	244	296	361	183	297
>MA0304.1 GCR1
719	0	0	2460	2157	9	553	0
31	142	22	0	10	13	1703	1932
77	2318	2438	0	0	2326	0	15
1822	0	0	0	294	121	240	651
>MA0305.1 GCR2
33	0	11	0	0	0	61
33	279	0	0	260	269	52
149	0	1	0	0	1	6
16	0	152	169	8	0	64
>MA0306.1 GIS1
41	0	0	0	0	0	49	46	32
22	97	100	100	87	0	4	11	19
12	0	0	0	0	0	15	16	18
25	3	0	0	13	100	32	27	30
>MA0307.1 GLN3
0	100	0	74	61
0	0	0	0	0
100	0	0	0	27
0	0	100	26	12
>MA0308.1 GSM1
322	160	219	461	349	342	566	849	400	3	4	3	0	0	136	708	289	164	373	225	322
207	172	289	124	201	144	22	9	164	916	177	985	972	30	4	60	183	172	101	168	212
190	229	168	184	233	281	17	20	182	10	38	1	25	967	849	197	438	205	232	299	195
279	438	322	229	216	231	393	120	252	69	778	9	0	1	9	32	87	458	292	306	268
>MA0309.1 GZF3
18	0	100	0	100	73	4	39
39	0	0	0	0	9	38	18
2	100	0	0	0	0	59	27
41	0	0	100	0	18	0	16
>MA0310.1 HAC1
24	68	0	100	0	0	0	27
6	32	100	0	100	0	0	18
56	0	0	0	0	100	0	41
15	0	0	0	0	0	100	14
>MA0311.1 HAL9
0	0	0	99	62
99	0	0	0	0
0	99	99	0	37
0	0	0	0	0
>MA0312.1 HAP1
0	0	0	89	5	51	4	57
100	0	0	0	26	4	4	11
0	100	100	11	53	4	4	11
0	0	0	0	16	41	88	21
>MA0313.1 HAP2
0	0	22	0	675
0	0	0	0	1619
0	40	3922	3932	131
3939	3897	0	7	1847
>MA0314.1 HAP3
0	370	0	98	2737	0	0	0	0	0	97	809	1458	1087	1582
516	2074	461	897	0	0	0	0	0	1480	1169	1175	265	266	602
537	298	0	1473	0	0	0	2737	2737	0	405	1038	918	1351	296
1779	326	2379	484	0	2737	2737	0	0	1549	1258	98	339	339	665
>MA0315.1 HAP4
75	0	6	166	168	0	9	152	66	66	38	43	35	35	75
32	264	260	0	0	16	182	0	22	50	55	57	86	63	47
58	3	0	0	0	0	31	10	109	55	66	63	54	82	43
31	1	0	0	0	158	23	4	16	31	49	45	40	37	31
>MA0316.1 HAP5
641	200	113	826	1817	127	98	0	537	4156	0	0	387	361	0
935	1914	1513	1137	1451	637	3199	700	1308	0	0	0	0	497	1730
1033	2108	2485	2155	440	1273	677	0	1904	0	0	234	3788	3123	0
1789	97	433	453	1002	2389	624	3713	793	0	4156	3922	0	262	2808
>MA0317.1 HCM1
51	27	67	95	100	1	95	57
16	8	32	5	0	86	2	17
25	4	1	0	0	0	2	11
8	61	1	0	0	13	2	14
>MA0318.1 HMRA2
6	54	4	0	0	93	88	40
67	0	0	0	0	0	2	8
6	46	0	100	0	0	2	8
21	0	96	0	100	7	9	44
>MA0319.1 HSF1
69	2	19	0	100	100	6	48
13	2	0	0	0	0	56	11
13	2	81	100	0	0	19	23
6	95	0	0	0	0	19	17
>MA0320.1 IME1
0	0	0	0	0	0	161	16
301	232	0	301	189	0	0	0
0	61	301	0	75	301	0	266
0	0	0	0	15	0	0	0
>MA0321.1 INO2
18	0	155	0	7	8	0	141	134
29	275	7	25	0	0	34	16	2
198	0	0	0	258	11	241	23	5
4	0	4	150	0	147	0	0	24
>MA0322.1 INO4
29	0	138	0	10	0	17	146	142
46	236	14	0	0	0	0	7	7
162	0	0	0	256	0	241	23	26
5	19	17	168	0	167	0	0	0
>MA0323.1 IXR1
161	121	68	28	59	59	28	121	121	0	0	28	6	0	0
0	0	0	228	187	0	0	0	0	0	301	0	0	0	0
0	0	112	0	0	187	169	71	0	301	0	244	285	112	244
0	37	28	6	0	0	37	0	37	0	0	0	0	99	28
>MA0324.1 LEU3
0	0	0	20	26	47	0	0	0	0
100	100	0	0	34	12	61	100	0	32
0	0	56	35	0	16	39	0	100	68
0	0	43	45	41	25	0	0	0	0
>MA0325.1 LYS14
21	4	0	0	100	100	6	13
49	82	0	0	0	0	0	13
21	10	100	100	0	0	0	7
10	4	0	0	0	0	94	68
>MA0326.1 MAC1
108	89	0	115	0	0	0	958
0	0	0	0	1714	0	1714	0
0	219	0	1599	0	0	0	655
1632	1451	1714	0	0	1714	0	113
>MA0327.1 MATA1
101	0	203	0	203	203	0
0	203	0	203	0	0	0
101	0	0	0	0	0	0
0	0	0	0	0	0	203
>MA0328.1 MATALPHA2
0	9	0	0	0	10	9	4	0
10	0	0	0	0	0	1	0	0
0	2	0	11	0	0	0	0	0
1	0	11	0	11	1	1	7	11
>MA0329.1 MBP1
55	0	15	0	0	35	33
10	100	0	88	2	17	30
18	0	85	0	98	9	18
17	0	0	12	0	39	18
>MA0330.1 MBP1::SWI6
15153	82	45	31	59	726	365
0	21942	182	19078	182	1491	9107
405	101	21983	188	21982	1506	882
6881	179	23	3065	21	18880	13437
>MA0331.1 MCM1
1692	97	3002	6037	7789	936	1175	6619	612	117	10592	12477
11356	12733	5897	2220	195	237	3860	1176	32	134	966	399
405	0	3023	3432	642	0	542	5947	13102	13351	319	350
368	971	4309	3681	5363	12586	9116	1957	0	16	2201	475
>MA0332.1 MET28
0	0	0	0	0	0
203	0	0	0	0	0
0	0	203	0	203	203
0	203	0	203	0	0
>MA0333.1 MET31
38	20	14	0	0	0	0	0	10
10	28	14	0	0	0	0	100	0
38	30	18	100	0	100	100	0	69
15	20	55	0	100	0	0	0	20
>MA0334.1 MET32
34	11	0	0	93	0	64
46	5	99	100	3	99	15
10	77	0	0	0	0	12
10	7	0	0	3	1	9
>MA0335.1 MET4
161	106	0	0	0	0	0	0
0	47	199	0	0	0	0	0
0	48	0	0	301	0	301	301
0	0	51	161	0	161	0	0
>MA0336.1 MGA1
384	305	240	367	252	116	787	192	701	5	990	990	12	844	68	203	301	291	441	440	342
91	124	268	171	280	204	3	110	197	2	2	2	815	39	505	180	353	268	70	168	295
206	376	318	306	194	230	198	166	98	989	3	2	15	82	70	195	84	97	229	105	216
317	194	172	154	273	448	11	531	2	2	2	5	156	32	355	419	260	342	257	285	144
>MA0337.1 MIG1
32	1	0	0	0	46	5
35	97	100	100	100	3	57
15	1	0	0	0	50	30
18	1	0	0	0	1	7
>MA0338.1 MIG2
1	0	0	0	36	5	36
96	100	100	100	11	77	24
2	0	0	0	52	13	24
1	0	0	0	1	6	15
>MA0339.1 MIG3
1	0	0	0	41	5	41
98	94	100	100	2	69	22
1	0	0	0	55	17	23
1	6	0	0	1	9	14
>MA0340.1 MOT3
67	203	0	0	0	203
67	0	0	0	101	0
0	0	203	203	0	0
67	0	0	0	101	0
>MA0341.1 MSN2
60	0	0	0	0
7	0	0	0	0
32	100	100	100	100
0	0	0	0	0
>MA0342.1 MSN4
83	0	0	0	0
0	0	0	0	0
16	99	99	99	99
0	0	0	0	1
>MA0343.1 NDT80
289	197	169	215	201	99	188	444	12	940	18	965	970	945	713	496	123	127	314	360	477
282	276	213	403	430	114	20	483	948	7	967	4	5	3	24	178	630	329	330	177	192
118	160	172	140	176	495	675	41	4	45	6	9	15	14	236	82	95	440	277	230	174
309	364	443	239	191	290	116	30	34	6	6	20	8	37	24	241	149	102	78	231	154
>MA0344.1 NHP10
20	8	0	0	0	0	0	68
10	78	100	0	0	0	0	8
60	8	0	100	100	100	100	18
10	8	0	0	0	0	0	8
>MA0345.1 NHP6A
306	242	236	380	285	104	339	491	114	903	126	847	57	746	650	377	375	416	286	313	329
279	217	153	212	333	516	130	250	24	10	29	16	42	16	30	136	138	111	154	147	289
214	83	311	151	99	49	71	64	6	26	8	43	28	20	153	137	138	172	124	314	96
200	456	298	255	281	329	458	193	855	58	835	92	871	216	166	348	346	299	434	224	284
>MA0346.1 NHP6B
182	217	135	376	195	154	393	578	169	807	92	749	279	510	461	372	465	202	287	287
304	225	108	208	316	317	69	89	65	32	67	16	51	26	96	106	84	160	120	257
99	216	107	77	111	143	26	51	16	67	32	65	89	69	121	111	336	302	339	252
414	341	647	336	376	384	510	279	749	92	807	169	578	393	320	409	113	334	252	202
>MA0347.1 NRG1
181	243	293	259	419	213	455	960	2	2	11	71	4	3	503	245	124	224	206	325
404	225	250	239	112	255	488	3	1	1	0	11	928	820	87	202	303	67	400	171
143	199	278	262	269	92	9	36	991	993	986	2	2	3	39	239	269	548	228	233
271	332	177	238	198	439	46	0	4	2	1	915	63	173	369	311	302	159	163	269
>MA0348.1 OAF1
11	0	0	0	56	7	68	14	56
32	100	0	0	0	0	4	7	14
11	0	100	100	43	86	4	7	14
46	0	0	0	0	7	25	71	14
>MA0349.1 OPI1
34	0	166	169	0	0	59
109	0	2	0	268	273	58
42	279	0	0	0	0	88
34	0	0	0	0	0	12
>MA0350.1 TOD6
362	144	101	239	369	212	649	67	20	2	2	975	1	0	52	135	181	232	187	306	201
188	213	261	327	116	366	50	396	784	29	991	0	1	978	19	655	300	282	280	213	150
218	369	370	206	235	133	96	436	193	46	2	1	18	1	869	186	383	109	111	172	320
230	273	266	226	278	288	203	98	1	921	3	21	978	18	57	22	135	376	421	308	327
>MA0351.1 DOT6
278	194	156	131	239	141	516	79	29	6	1	972	1	0	36	223	280	188	163	153	185
135	250	332	249	85	480	59	420	770	52	990	0	0	968	9	575	265	298	435	371	149
231	266	223	268	400	145	138	392	197	83	4	1	27	1	876	177	252	72	208	183	202
354	289	287	351	273	232	285	107	3	858	2	25	969	28	78	22	202	441	192	290	462
>MA0352.1 PDR1
8	0	0	13	2	8	10	62
28	100	100	0	88	2	3	8
15	0	0	87	8	88	83	22
48	0	0	0	2	2	3	8
>MA0353.1 PDR3
0	0	0	0	0	0	0	203
0	203	203	0	203	0	0	0
0	0	0	203	0	203	203	0
203	0	0	0	0	0	0	0
>MA0354.1 PDR8
38	0	0	0	100	8	100	13
15	100	0	0	0	8	0	6
38	0	100	100	0	85	0	6
8	0	0	0	0	0	0	75
>MA0355.1 PHD1
36	9	37	0	0	0	91	8	22	32
27	43	44	10	0	99	1	22	42	28
19	39	15	0	99	0	7	36	22	21
18	8	3	89	0	1	1	34	14	19
>MA0356.1 PHO2
52	12	100	56	23	63
0	0	0	0	0	0
8	0	0	0	0	0
41	88	0	44	77	37
>MA0357.1 PHO4
94	97	967	0	85	2	1	4
393	900	1	911	1	28	0	507
507	0	28	1	911	1	900	393
4	1	2	85	0	967	97	94
>MA0358.1 PUT3
9	2	0	0	0	0	52	46
72	90	100	0	0	0	15	13
9	2	0	100	100	100	19	17
9	6	0	0	0	0	15	25
>MA0359.1 RAP1
18	98	1	1	1	71	17	72	1	86
69	0	75	97	90	0	11	0	98	13
12	0	0	1	0	27	8	14	0	0
1	1	23	1	9	2	65	14	1	1
>MA0360.1 RDR1
25	0	0	0	0	100	86	27
11	0	100	0	0	0	0	48
11	100	0	100	100	0	0	13
54	0	0	0	0	0	14	13
>MA0361.1 RDS1
1	0	0	0	0	0	32
91	11	0	84	95	11	32
1	89	100	16	5	89	32
7	0	0	0	0	0	5
>MA0362.1 RDS2
34	0	0	0	0	12	17
39	0	100	0	0	1	7
18	0	0	100	100	86	70
8	100	0	0	0	1	7
>MA0363.1 REB1
30	0	0	100	0	0	0	0	15
10	0	0	0	100	100	100	0	15
50	0	0	0	0	0	0	60	55
10	100	100	0	0	0	0	40	15
>MA0364.1 REI1
0	5	0	0	0	0	56
95	95	100	100	0	0	8
0	0	0	0	0	95	23
5	0	0	0	100	5	13
>MA0365.1 RFX1
12	0	0	0	31	0	2	88
27	0	0	0	0	100	48	4
42	100	0	0	69	0	2	4
19	0	100	100	0	0	48	4
>MA0366.1 RGM1
100	0	0	0	11
0	0	0	0	12
0	100	100	100	77
0	0	0	0	0
>MA0367.1 RGT1
42	34	37	22	27	30	0	0	0	4	32
13	10	0	2	15	18	12	100	100	0	13
23	34	0	0	17	4	0	0	0	89	33
22	22	63	77	41	48	88	0	0	8	22
>MA0368.1 RIM101
9	0	0	0	100	100	0
43	0	100	100	0	0	0
9	100	0	0	0	0	100
39	0	0	0	0	0	0
>MA0369.1 RLM1
10	14	11	0	0	0	42	16	22	23	32	0	42	0	27	4	7	10
10	2	0	0	42	0	0	0	0	0	0	0	0	0	14	15	16	13
10	16	1	5	0	0	0	0	0	0	0	0	0	42	0	2	3	10
8	10	30	37	0	42	0	26	20	19	10	42	0	0	1	20	16	7
>MA0370.1 RME1
0	16	16	160	119	139	27	34	92	126
52	96	100	0	0	29	0	0	39	0
0	33	49	0	27	0	244	229	35	19
131	69	58	0	22	2	0	0	22	18
>MA0371.1 ROX1
0	0	2	7	0	0	0	0	0	0	1	0
4	6	4	1	0	0	0	0	0	5	0	5
0	0	0	0	0	1	8	0	0	1	1	2
4	2	2	0	8	7	0	8	8	2	6	1
>MA0372.1 RPH1
53	0	0	0	0	0	63	74
14	100	100	100	100	0	1	7
14	0	0	0	0	0	7	7
19	0	0	0	0	100	28	13
>MA0373.1 RPN4
23	0	0	0	0	0	13
0	0	0	0	0	100	0
67	100	12	100	100	0	87
9	0	88	0	0	0	0
>MA0374.1 RSC3
0	0	0	0	6	19	23
91	0	99	0	55	30	26
5	99	0	99	18	37	34
4	0	0	0	20	14	18
>MA0375.1 RSC30
19	15	0	0	0	0	0	0
50	38	92	8	92	0	85	31
19	46	8	92	8	100	15	69
12	0	0	0	0	0	0	0
>MA0376.1 RTG3
393	220	357	164	156	534	34	19	905	5	28	7	7	275	152	111	398	275	323	249
145	147	322	176	121	113	27	953	5	949	16	81	19	662	332	270	122	257	165	396
330	267	207	295	250	203	662	19	81	16	949	5	953	27	156	187	276	296	33	108
130	364	112	363	472	148	275	7	7	28	5	905	19	34	358	430	202	171	477	245
>MA0377.1 SFL1
272	368	281	382	314	368	727	127	506	18	956	959	22	616	596	535	256	492	431	369	409
183	262	244	256	98	221	30	178	261	10	16	9	47	129	134	221	156	96	67	123	121
130	124	332	117	349	198	124	108	226	960	5	21	806	218	36	48	146	217	99	146	72
414	244	141	244	237	212	118	586	6	10	21	9	123	36	232	194	440	193	401	360	395
>MA0378.1 SFP1
427	202	289	250	353	533	782	898	904	855	541	86	35	18	73	126	82	327	115	217	216
159	293	174	217	77	42	73	36	9	14	34	42	50	46	71	405	354	201	428	83	169
161	194	192	293	297	342	71	46	50	42	16	14	9	36	73	91	103	165	154	374	405
250	309	343	238	271	82	73	18	35	86	408	855	904	898	782	376	459	306	301	324	208
>MA0379.1 SIG1
93	0	99	0	99
2	0	0	0	0
0	0	0	0	0
5	99	0	99	0
>MA0380.1 SIP4
8	0	0	0	0	23	57
48	27	99	100	0	0	16
13	0	0	0	100	63	25
32	73	1	0	0	14	0
>MA0381.1 SKN7
0	0	0	0	49	21
0	0	100	84	15	18
100	100	0	16	37	28
0	0	0	0	0	32
>MA0382.1 SKO1
957	0	100	0	957	592	0	0
0	957	0	0	0	0	0	0
0	0	897	0	0	0	0	957
0	0	0	957	0	364	957	0
>MA0383.1 SMP1
111	189	569	85	179	130	408	97	750	865	97	77	634	495	637	197	174	525	156	249	336
244	188	97	554	623	147	128	234	125	18	18	46	33	41	85	262	275	104	290	381	172
235	265	137	158	47	85	112	33	46	18	18	125	234	60	147	146	271	101	455	201	229
409	356	196	201	149	637	350	634	77	97	865	750	97	402	130	393	279	269	97	168	261
>MA0384.1 SNT2
0	0	1405	0	3120	7	0	0	8	168	944
89	0	269	0	0	0	3136	0	3072	2969	231
313	3136	1721	0	35	3130	0	3136	75	0	1666
2817	0	0	3136	0	0	0	0	0	0	589
>MA0385.1 SOK2
50	15	41	4	4	4	97	5	17	28	30
19	49	47	1	1	91	1	5	21	32	23
16	18	9	4	94	1	1	50	52	22	23
16	18	3	91	1	4	1	40	10	18	23
>MA0386.1 TBP
277	337	253	160	545	115	287	332	907	12	981	38	970	44	883	186	264	137	266	350	248
250	191	345	200	139	98	198	110	7	7	2	1	2	4	10	62	122	380	228	176	193
386	147	88	154	154	701	266	27	25	23	4	5	6	3	24	94	129	369	384	172	270
84	323	313	484	160	84	247	529	59	955	12	954	20	947	81	657	483	112	121	301	286
>MA0387.1 SPT2
97	66	0	4	130	120	83	0	161	122
0	44	0	0	0	23	66	0	0	0
3	12	0	0	54	46	60	105	0	69
57	58	161	152	0	0	2	102	0	0
>MA0388.1 SPT23
95	160	143	134	1	0	108	157
0	0	0	0	36	138	37	0
119	0	22	0	0	67	18	6
0	0	2	23	135	46	16	0
>MA0389.1 SRD1
66	6	97	13	0	4	46	24
9	2	0	0	99	19	30	42
19	90	0	2	0	3	13	18
6	2	3	85	0	74	11	16
>MA0390.1 STB3
98	166	182	194	507	547	776	499	99	53	10	13	0	3	965	150	129	166	308	233	226
168	173	415	379	59	120	35	27	11	5	4	0	64	990	7	587	120	326	253	170	182
546	202	57	107	189	151	71	33	2	1	2	15	20	2	25	84	137	200	125	315	296
185	457	343	318	243	181	116	440	886	939	982	970	915	4	2	177	613	306	312	280	293
>MA0391.1 STB4
9	0	0	0	0	100	75
43	0	100	0	0	0	1
9	0	0	100	100	0	1
39	100	0	0	0	0	23
>MA0392.1 STB5
0	0	0	23	23	19	6	96
99	0	0	19	23	25	12	1
0	99	99	26	47	12	6	1
0	0	0	32	8	45	76	1
>MA0393.1 STE12
0	4297	27122	25290	27887	98	15301
3261	0	0	167	0	27779	3002
96	24137	1278	2703	0	0	9387
25022	198	0	0	0	97	2275
>MA0394.1 STP1
4	49	0	0	12	0	4	4
82	0	279	0	0	279	0	94
33	192	0	266	255	0	119	70
87	0	0	4	0	0	87	57
>MA0395.1 STP2
180	288	438	276	126	238	113	34	2	0	1	8	14	618	86	218	326	231	158	342
258	242	193	209	405	111	11	647	5	849	866	13	520	12	433	312	240	427	237	265
175	293	211	176	143	567	829	5	987	148	128	948	4	338	139	359	205	161	344	122
385	174	157	336	325	81	45	312	4	1	3	29	460	30	341	109	227	179	259	268
>MA0396.1 STP3
25	18	0	100	0	0	0	0	45
9	42	0	0	0	100	0	64	17
48	21	0	0	100	0	100	18	19
18	19	100	0	0	0	0	18	20
>MA0397.1 STP4
19	40	0	100	0	0	0	0	54
11	28	0	0	0	100	0	73	15
56	24	0	0	100	0	100	17	16
15	7	100	0	0	0	0	10	15
>MA0398.1 SUM1
50	52	62	100	0	8	24	28	15
14	8	2	0	0	0	0	5	15
14	8	2	0	0	0	0	5	11
22	32	34	0	100	92	76	61	59
>MA0399.1 SUT1
23	48	0	8	0	49	44
142	5	266	61	46	35	14
36	185	0	188	226	151	170
29	0	0	1	0	0	4
>MA0400.1 SUT2
333	225	269	354	248	522	940	971	0	1	2	1	2	789	523	375	338	279	163	281
232	206	218	200	216	85	6	0	709	16	992	984	1	16	80	252	214	204	253	136
112	264	277	100	153	287	12	11	287	0	1	12	993	168	257	154	168	209	252	244
321	303	233	345	381	104	40	16	2	981	2	1	2	24	137	217	279	306	330	338
>MA0401.1 SWI4
62	0	15	0	0	100	94	62
8	100	0	100	0	0	2	8
15	0	85	0	100	0	2	8
15	0	0	0	0	0	2	23
>MA0402.1 SWI5
8	0	0	0	0	0	4	25
8	0	100	0	0	0	4	25
23	100	0	0	100	100	27	10
62	0	0	100	0	0	65	40
>MA0403.1 TBF1
61	46	15	0	0	0	75	38
11	11	84	100	100	1	8	19
12	35	1	0	0	0	11	27
16	8	1	0	0	99	5	17
>MA0404.1 TBS1
12	3	2	75	20	0	0	8
78	3	2	8	13	100	100	8
5	90	95	8	13	0	0	75
5	3	2	8	53	0	0	8
>MA0405.1 TEA1
5	0	0	0	50	0	60	15
5	100	0	40	0	80	0	20
75	0	100	60	50	20	10	5
15	0	0	0	0	0	30	60
>MA0406.1 TEC1
52	0	100	5	0	0	0	10
7	95	0	0	0	91	68	47
34	5	0	0	0	9	0	15
7	0	0	95	100	0	32	28
>MA0407.1 THI2
103	0	680	1265	1265	0	0	71	438	921	1265	0	1265	813	129
0	0	573	0	0	1024	543	599	0	0	0	0	0	0	1068
1162	1265	0	0	0	0	0	571	0	0	0	1265	0	451	89
0	0	61	0	0	241	805	90	826	344	0	0	0	0	0
>MA0408.1 TOS8
28	1	0	0	0	100	64	50
47	16	0	0	100	0	7	15
20	1	100	0	0	0	7	15
5	82	0	100	0	0	22	19
>MA0409.1 TYE7
3	100	0	0	0	0	78
93	0	100	10	0	0	8
3	0	0	90	0	100	8
3	0	0	0	100	0	8
>MA0410.1 UGA3
10	4	0	0	0	0	2	85
44	28	0	100	0	0	27	2
27	63	100	0	100	100	69	2
19	4	0	0	0	0	2	10
>MA0411.1 UPC2
16	59	38	100	0	1	83
25	3	0	0	100	0	5
19	28	0	0	0	99	9
40	9	62	0	0	0	4
>MA0412.1 UME6
2	0	2	0	0	0	0	0	1	18	10	7	2
0	10	0	0	18	0	0	17	0	0	1	2	0
0	5	16	18	0	18	18	0	0	0	0	1	1
16	3	0	0	0	0	0	1	17	0	7	8	15
>MA0413.1 USV1
269	306	342	131	133	318	1	0	3	1	0	0	956	850	174	233	212	181	205	219
223	182	168	193	55	551	967	977	993	981	6	2	0	92	257	235	191	185	100	297
250	216	206	146	157	101	26	0	1	0	3	869	36	21	162	93	197	321	265	365
255	294	283	528	652	28	3	20	1	16	989	126	5	35	405	438	399	311	428	116
>MA0414.1 XBP1
12	0	0	0	100	40	31
51	0	100	0	0	8	22
7	0	0	100	0	50	31
31	100	0	0	0	3	15
>MA0415.1 YAP1
297	143	148	240	212	397	5	8	976	1	60	10	971	981	35	320	182	247	248	199
261	225	128	121	210	528	3	13	3	900	36	9	6	8	28	332	273	308	254	195
211	313	305	201	327	50	8	6	9	36	900	3	13	3	516	228	154	204	309	177
230	318	418	436	249	23	981	971	10	60	1	976	8	5	418	118	390	239	187	426
>MA0416.1 YAP3
65	0	0	100	0	0	2	50
19	0	0	0	100	0	2	12
12	0	0	0	0	100	2	19
4	100	100	0	0	0	94	19
>MA0417.1 YAP5
122	124	86	0	161	19
0	0	0	264	0	0
0	67	136	0	0	0
34	0	0	17	0	137
>MA0418.1 YAP6
174	228	134	114	252	43	491	27	25	889	38	172	67	647	829	162	228	337	430	166
297	141	92	434	231	114	412	23	21	32	555	48	85	193	62	76	474	85	127	439
371	587	332	109	72	646	36	56	112	49	103	722	37	64	72	481	142	428	302	243
156	41	440	342	444	195	58	892	840	28	302	56	809	95	34	278	155	148	139	150
>MA0419.1 YAP7
7195	195	0	10172	1260	0	7781	10507	98	2246	6606
2582	0	0	98	1168	97	2526	0	0	7759	1126
195	0	2132	97	8333	0	198	0	6311	509	2313
869	10410	8375	172	0	10436	0	0	4323	394	1229
>MA0420.1 YBR239C
51	6	0	0	0	100	100	4
10	47	100	0	0	0	0	63
22	6	0	100	100	0	0	4
16	41	0	0	0	0	0	28
>MA0421.1 YDR026C
174	0	0	1832	0	0	118	0	49	779
0	0	103	0	1832	1832	1739	0	0	841
274	40	0	0	0	0	0	1832	1784	117
1457	1817	1784	0	0	0	0	0	0	291
>MA0422.1 YDR520C
25	0	0	0	74	23	56	14	94	36
38	100	0	0	9	17	0	0	6	17
11	0	100	100	17	46	0	0	0	15
27	0	0	0	0	14	43	85	0	32
>MA0423.1 YER130C
35	0	0	0	0	0	60	21	32
28	97	91	100	100	0	0	0	28
23	1	0	0	0	0	8	4	5
13	2	9	0	0	100	32	75	34
>MA0424.1 YER184C
28	2	0	0	0	0	69	46
37	17	77	100	0	0	31	15
6	10	15	0	100	100	0	23
28	71	8	0	0	0	0	15
>MA0425.1 YGR067C
36	0	0	0	1	41	0	27	23	24	25	25	22	26
24	100	99	100	99	0	98	26	26	26	24	22	26	24
27	0	0	0	0	31	1	17	20	20	25	26	26	26
14	0	1	0	0	28	1	31	31	30	26	27	26	25
>MA0426.1 YHP1
0	203	203	0	0	0
0	0	0	0	0	0
0	0	0	0	0	203
203	0	0	203	203	0
>MA0427.1 YJL103C
39	26	15	12	2	0	0	5	57	26	35
21	25	43	30	94	99	7	1	7	17	26
19	27	17	10	2	0	92	93	26	46	18
21	22	25	48	2	0	0	1	9	11	21
>MA0428.1 YKL222C
48	69	0	0	0	92	52	65	10
23	10	100	0	0	0	2	6	10
15	19	0	100	100	8	44	6	10
15	2	0	0	0	0	2	23	69
>MA0429.1 YLL054C
0	0	0	21	9	13	56
100	0	0	64	66	5	14
0	100	100	14	16	77	7
0	0	0	0	9	5	21
>MA0430.1 YLR278C
13	0	0	0	96	4	23	27
42	100	0	0	0	14	2	5
13	0	100	100	4	82	5	5
31	0	0	0	0	0	70	63
>MA0431.1 YML081W
32	0	0	0	0	30	0	44	19
24	100	100	100	100	0	100	16	35
23	0	0	0	0	36	0	3	15
21	0	0	0	0	34	0	38	31
>MA0432.1 YNR063W
8	0	0	0	100	10	90	33
8	100	0	0	0	0	0	3
18	0	100	100	0	80	0	3
68	0	0	0	0	10	10	63
>MA0433.1 YOX1
1	0	100	100	0	0	62	54
25	0	0	0	0	0	3	13
7	0	0	0	0	0	15	13
66	100	0	0	100	100	21	19
>MA0434.1 YPR013C
11	0	9	63	40	100	0	0	36
36	0	26	26	0	0	0	100	30
11	100	0	0	60	0	0	0	17
41	0	65	11	0	0	100	0	17
>MA0435.1 YPR015C
75	158	382	376	274	552	16	4	2	983	884	986	5	4	326	86	258	450	281	333
242	204	170	240	50	169	747	4	16	7	1	2	2	983	575	221	190	110	396	330
144	341	173	137	462	240	17	988	3	3	109	4	2	1	55	77	196	173	62	68
537	295	274	245	212	37	218	2	978	5	4	6	989	9	43	613	354	266	260	266
>MA0436.1 YPR022C
15	0	0	0	100	0	23
66	100	100	100	0	100	26
0	0	0	0	0	0	34
20	0	0	0	0	0	18
>MA0437.1 YPR196W
61	32	17	24	17	12	0	0	3
0	0	0	4	44	32	93	100	0
26	0	0	2	11	7	7	0	93
13	68	83	69	28	49	0	0	5
>MA0438.1 YRM1
51	2	0	0	100	60	93	12
15	94	0	0	0	12	1	8
23	2	100	100	0	16	1	4
11	2	0	0	0	12	5	76
>MA0439.1 YRR1
21	16	22	89	19	28	4	0	0	3	6
42	16	8	1	9	33	22	100	100	0	41
22	10	4	2	4	8	7	0	0	95	14
15	57	66	8	68	32	68	0	0	2	39
>MA0440.1 ZAP1
169	0	0	0	0	107	169	119	0	0	0	21	119	9	46
0	279	279	97	0	77	0	17	0	0	0	97	0	17	0
0	0	0	0	0	17	0	57	279	279	0	37	57	0	198
0	0	0	107	169	0	0	0	0	0	169	58	9	145	0
>MA0441.1 ZMS1
15	31	0	0	0	0	19	5	50
15	11	100	100	100	100	4	85	10
15	11	0	0	0	0	54	5	10
55	46	0	0	0	0	24	5	30
>MA0442.1 SOX10
0	8	0	0	0	0
19	2	1	0	3	0
0	2	4	0	19	1
3	10	17	22	0	21
>MA0443.1 btd
14	10	4	2	0	0	2	0	0	15
3	0	0	0	0	0	28	0	0	1
7	20	18	28	30	30	0	30	20	10
6	0	8	0	0	0	0	0	10	4
>MA0444.1 CG34031
0	0	22	25	2	7	3
1	0	0	0	0	0	0
1	0	0	0	0	1	22
23	25	3	0	23	17	0
>MA0445.1 D
1	0	0	20	0	0	2	0	1	4	6
8	25	17	0	0	0	0	0	2	10	1
7	0	0	0	0	3	27	0	4	6	1
13	4	12	9	29	26	0	29	22	9	21
>MA0446.1 fkh
3	5	0	0	0	13	4	6	0	23	15
0	0	0	0	0	0	13	7	11	0	4
0	22	0	0	1	14	2	3	2	1	4
24	0	27	27	26	0	8	11	14	3	4
>MA0447.1 gt
28	0	1	54	0	7	0	55	60	2
5	0	1	0	53	0	6	3	0	25
25	0	3	6	0	53	0	1	0	5
2	60	55	0	7	0	54	1	0	28
>MA0448.1 H2.0
6	2	16	31	0	8	24
3	1	1	0	0	0	0
4	0	1	0	0	9	7
19	29	14	1	32	15	1
>MA0449.1 h
1	3	1	22	1	2	1	1	7	1
2	7	31	1	30	1	10	1	17	30
30	17	1	10	1	30	1	31	7	2
1	7	1	1	2	1	22	1	3	1
>MA0450.1 hkb
3	8	0	0	0	0	0	0	24
0	0	0	0	32	0	0	0	3
18	24	32	32	0	32	3	31	2
11	0	0	0	0	0	29	1	3
>MA0451.1 kni
19	25	16	5	0	21	0	17	1	0	25	5
1	1	0	9	4	0	0	0	3	26	0	12
2	0	0	6	1	5	26	8	18	0	1	7
4	0	10	6	21	0	0	1	4	0	0	2
>MA0453.1 nub
2	29	0	0	0	24	28	28	4	6	19	4
1	0	0	0	19	0	0	0	1	5	5	3
1	0	0	25	1	0	1	0	0	8	1	15
25	0	29	4	9	5	0	1	24	10	4	7
>MA0454.1 odd
7	10	0	12	0	0	15	0	0	11	5
5	5	14	0	0	0	0	0	15	3	4
0	0	1	3	15	0	0	15	0	1	6
3	0	0	0	0	15	0	0	0	0	0
>MA0456.1 opa
0	10	1	1	0	0	0	0	4	0	3	2
1	7	16	15	16	18	18	14	0	14	1	0
15	1	0	1	1	0	0	0	13	2	4	16
2	0	1	1	1	0	0	4	1	2	10	0
>MA0457.1 PHDP
4	0	16	17	0	1	8
6	0	0	0	0	0	1
0	0	0	0	0	1	4
7	17	1	0	17	15	4
>MA0458.1 slp1
8	0	3	0	0	0	27	1	17	4	15
3	0	0	0	0	0	0	22	8	13	3
14	0	38	0	1	2	4	7	15	3	4
16	41	0	41	40	39	10	11	1	21	19
>MA0459.1 tll
20	29	33	31	0	0	0	33	31	17
4	0	0	1	0	2	33	0	0	10
4	4	0	1	33	0	0	0	1	2
5	0	0	0	0	31	0	0	1	4
>MA0460.1 ttk
10	22	0	0	22	0	21	22	1
8	0	0	0	0	5	0	0	5
3	0	22	22	0	0	0	0	3
1	0	0	0	0	17	1	0	13
>MA0141.2 Esrrb
1055	673	403	260	312	3347	3590	33	12	180	9	3478
801	832	1212	1230	2653	32	2	2	11	43	3394	21
984	1352	1212	449	630	248	60	3597	3622	243	167	128
773	767	807	1702	51	27	6	29	16	3192	85	26
>MA0145.2 Tcfcp2l1
8	285	2437	24	710	402	707	1462	2585	1612	16	253	2199	49
3768	3304	21	98	1380	1183	1630	922	286	212	3811	3324	30	118
255	22	1117	3949	103	253	616	1026	780	1263	223	12	1232	3881
40	465	507	12	1890	2246	1134	681	441	1003	34	491	612	17
>MA0146.2 Zfx
50	59	91	72	10	6	30	191	8	0	0	0	0	84
178	170	151	49	297	361	124	153	2	3	481	480	1	122
179	173	199	297	144	2	183	122	470	477	0	0	0	218
70	75	37	61	30	112	144	15	1	1	0	1	480	56
>MA0461.1 Atoh1
0	7714	0	4249	1557	0	0	0
7714	0	0	3465	0	0	0	4780
0	0	7714	0	0	7714	7714	0
0	0	0	0	6157	0	0	2934
>MA0462.1 BATF::JUN
3082	4782	4519	8258	0	0	10522	586	0	1291	10264
481	553	170	1478	0	0	0	5026	0	8590	0
5136	2889	2219	0	0	10374	0	4910	0	641	0
1823	2298	3614	786	10522	148	0	0	10522	0	258
>MA0463.1 Bcl6
191	35	5	30	0	0	446	142	941	642	615	101	189	369
171	22	80	876	819	0	86	0	0	101	7	92	494	188
245	28	30	24	0	0	404	814	11	175	213	630	116	166
349	871	841	26	137	956	20	0	4	38	121	133	157	233
>MA0464.1 Bhlhe40
1626	4869	0	15804	0	2875	0	0	3859	6629	2028
6868	524	15804	0	14493	1107	0	0	11919	4255	6293
6311	3146	0	0	0	11822	0	15804	26	345	3681
999	7265	0	0	1311	0	15804	0	0	4575	3802
>MA0465.1 CDX2
613	665	308	0	697	1597	0	1597	1597	1597	1013
319	8	136	1048	832	0	0	0	0	0	150
480	502	1153	0	0	0	0	0	0	0	313
185	422	0	549	68	0	1597	0	0	0	121
>MA0466.1 CEBPB
13006	75198	0	0	4556	0	74715	8654	60151	99494	0
10026	5868	0	0	0	99494	5478	51954	39343	0	36038
33617	18428	0	0	75531	0	10015	0	0	0	2043
42845	0	99494	99494	19407	0	9286	38886	0	0	61413
>MA0467.1 Crx
1207	1454	347	943	515	0	1632	0	0	1995	544
297	43	55	222	0	0	465	0	29	0	52
458	417	1470	823	1574	2097	0	0	0	0	1326
135	183	225	109	8	0	0	2097	2068	102	175
>MA0468.1 DUX4
7297	37001	38217	5228	0	0	35278	38217	0	0	33798
2495	0	0	11675	16478	13951	2889	0	0	37408	0
979	1216	0	2002	4981	6127	0	0	0	0	0
27446	0	0	19312	16758	18139	50	0	38217	809	4419
>MA0469.1 E2F3
0	0	0	0	0	0	0	0	365	275	196	811	109	441	305
1400	0	2549	2469	2549	0	2549	1703	1327	903	1495	329	1075	640	718
0	0	0	80	0	2240	0	607	397	742	556	512	582	200	644
1149	2549	0	0	0	309	0	239	460	629	302	274	160	645	259
>MA0470.1 E2F4
272	155	0	0	0	27	15	1803	1253	712	503
370	510	11	1878	0	218	41	0	0	349	393
848	1213	1867	0	1878	1633	1822	75	625	720	616
388	0	0	0	0	0	0	0	0	97	366
>MA0471.1 E2F6
812	442	0	672	7	0	20	2757	1686	988	771
80	406	0	1954	0	0	29	0	0	454	706
1406	1909	2757	0	2750	2757	2708	0	1071	1135	909
459	0	0	131	0	0	0	0	0	180	371
>MA0472.1 EGR2
169	337	168	387	26	448	0	152	0	1059	0	460	0	558	127
572	460	572	722	1186	0	1246	1094	1169	187	1246	0	1041	302	617
291	180	216	65	0	602	0	0	0	0	0	579	114	199	251
214	269	290	72	34	196	0	0	77	0	0	207	91	187	251
>MA0473.1 ELF1
4134	6990	7978	4086	924	8929	0	0	13518	13518	1183	1571	2634
2167	1502	1207	4589	10007	4589	0	0	0	0	0	2094	1735
5587	3563	2318	3111	2587	0	13518	13518	0	0	12335	179	8125
1630	1463	2015	1732	0	0	0	0	0	0	0	9674	1024
>MA0474.1 Erg
9430	1473	16007	0	0	16727	16580	3244	1570	4953	4558
231	10483	693	0	0	0	0	0	4038	1498	2474
5874	4736	27	16727	16727	0	0	13483	2146	8204	8042
1192	35	0	0	0	0	147	0	8973	2072	1653
>MA0475.1 FLI1
1830	295	2712	0	0	3667	3520	620	95	850	1014
205	2815	955	0	0	0	0	0	1001	300	462
1432	557	0	3667	3667	0	0	3047	300	2130	1875
200	0	0	0	0	0	147	0	2271	387	316
>MA0476.1 FOS
7879	7475	0	0	29396	998	0	0	29396	258	4006
712	10177	0	0	0	14079	0	29396	0	5823	8236
9686	10841	0	27108	0	11206	0	0	0	1538	7897
11119	903	29396	2288	0	3113	29396	0	0	21777	9257
>MA0477.1 FOSL1
1791	1568	0	0	5272	124	0	177	5272	37	1184
119	437	0	0	0	3120	0	5095	0	811	1684
2384	3109	0	5272	0	2028	0	0	0	1734	1875
978	158	5272	0	0	0	5272	0	0	2690	529
>MA0478.1 FOSL2
833	1525	2861	0	0	5075	0	0	205	5318	0
994	592	55	0	0	51	3286	0	5113	0	1399
2086	2707	2328	0	5318	192	1838	0	0	0	1933
1405	494	74	5318	0	0	194	5318	0	0	1986
>MA0479.1 FOXH1
939	1578	973	8211	7547	0	2374	1414	8211	0	7138
2840	2333	3261	0	0	0	5773	6797	0	8211	0
1490	2137	3156	0	229	0	0	0	0	0	0
2942	2163	821	0	435	8211	64	0	0	0	1073
>MA0480.1 Foxo1
468	127	87	0	0	0	0	0	1871	0	1072
277	1279	1406	0	0	0	0	0	157	2007	573
478	752	209	0	2490	0	0	287	0	0	71
1267	332	788	2490	0	2490	2490	2203	462	483	774
>MA0481.1 FOXP1
103	131	155	180	138	79	71	311	311	311	16	311	176	243	102
108	57	39	42	6	11	4	0	0	0	278	0	77	18	42
48	55	40	53	88	221	0	0	0	0	10	0	57	23	129
52	68	77	36	79	0	236	0	0	0	7	0	1	27	38
>MA0482.1 Gata4
10	0	0	0	2707	0	0	547	0	601	386
1039	2165	89	0	39	0	2746	0	1240	1004	929
374	306	0	0	0	0	0	0	940	157	682
1323	275	2657	2746	0	2746	0	2199	566	984	749
>MA0483.1 Gfi1b
1124	1761	1759	0	0	1033	61	1116	57	142	740
438	0	0	338	1761	21	1312	0	1	1328	433
104	0	2	28	0	0	388	1	1676	76	130
95	0	0	1395	0	707	0	644	27	215	458
>MA0484.1 HNF4G
3514	3259	4696	1103	1944	1511	0	9343	7889	8464	99	324	225	159	6785
1864	1531	102	201	713	2870	8827	55	82	0	6	143	4338	8377	794
2011	3830	3811	7480	3301	2279	221	54	1481	938	9098	3624	1107	85	556
2063	832	843	668	3494	2792	404	0	0	50	249	5361	3782	831	1317
>MA0485.1 Hoxc9
235	112	88	224	661	0	745	881	879	18	48	567	141
110	171	605	468	3	9	84	0	6	0	715	72	329
401	536	40	1	205	0	35	0	0	0	5	6	160
139	66	152	192	16	876	21	4	0	867	117	240	255
>MA0486.1 HSF1
25	8	3	1	4	128	0	187	186	44	39	13	8	0	6
82	26	11	222	71	7	0	24	6	63	62	16	5	218	88
56	12	8	2	6	89	225	3	15	73	67	9	4	2	18
62	179	203	0	144	1	0	11	18	45	57	187	208	5	113
>MA0488.1 JUN
8141	7116	6496	16526	0	0	20967	0	0	938	6904	20968	203
2792	2938	1903	729	0	0	0	3438	608	3531	14064	0	3704
4894	4985	9682	3713	0	20849	0	4512	20360	0	0	0	1016
5141	5929	2887	0	20968	119	1	13018	0	16499	0	0	16045
>MA0489.1 JUN (var.2)
4852	3927	3726	4396	4146	5930	0	0	10953	382	199	956	10956	376
1250	1324	1127	1122	593	993	0	0	0	5704	0	10000	0	2509
2818	4110	4330	3461	4213	4033	0	10956	0	4090	0	0	0	2645
2036	1595	1773	1977	2004	0	10956	0	3	780	10757	0	0	5426
>MA0490.1 JUNB
3605	5055	8384	0	0	16992	0	0	1256	16992	736
3366	1057	582	0	0	0	9859	0	15736	0	2962
5983	8427	8026	0	16992	0	6281	0	0	0	6117
4038	2453	0	16992	0	0	852	16992	0	0	7177
>MA0491.1 JUND
12389	15163	0	0	38710	0	0	1547	38710	0	5786
759	4824	0	0	0	22857	0	37163	0	5136	14956
13640	18723	0	38710	0	14078	0	0	0	2301	12429
11922	0	38710	0	0	1775	38710	0	0	31273	5539
>MA0492.1 JUND (var.2)
11448	13436	11261	13616	25347	0	0	33631	0	5124	0	8793	33631	267	10255
4326	3228	4836	2452	169	0	0	0	10406	1824	3935	24697	0	5470	10841
7996	8721	8110	15761	8115	0	33511	0	8287	26683	0	141	0	2407	6351
9861	8246	9424	1802	0	33631	120	0	14938	0	29696	0	0	25487	6184
>MA0493.1 Klf1
150	167	67	13	404	0	400	0	0	0	280
76	40	396	461	118	526	0	526	526	508	35
202	305	32	0	0	0	97	0	0	0	0
98	14	31	52	4	0	29	0	0	18	211
>MA0494.1 Nr1h3::Rxra
0	140	738	246	58	78	358	374	794	278	77	559	900	255	117	11	135	281	237
50	30	243	971	1080	313	318	257	0	19	0	77	177	962	1040	502	508	196	290
28	1089	137	0	3	128	343	336	321	903	4	440	192	20	0	42	196	333	439
1191	10	151	52	128	750	250	302	154	69	1188	193	0	32	112	714	430	459	303
>MA0495.1 MAFF
6531	13157	12632	14736	32728	8513	998	3238	53327	387	0	48740	20032	21358	18219	14137	10417	12741
12389	29577	10615	6027	4789	16391	322	50520	0	0	53701	381	7624	3349	4014	7157	11010	10791
26849	2157	2570	21695	5877	25722	313	0	0	47337	0	746	9364	2603	1898	3512	8426	9498
7989	8867	27941	11300	10364	3132	52125	0	431	6034	57	3891	16738	26448	29627	28952	23905	20728
>MA0496.1 MAFK
17128	15239	17367	34765	10333	0	2669	60790	0	0	57894	23471	27164	20865	17282
29664	13278	9271	4862	17432	261	58121	0	0	60742	430	9775	3962	5229	9289
4539	3886	21340	8031	29271	0	0	0	55539	48	0	9853	1268	1575	2699
9459	28387	12812	13132	3754	60529	0	0	5251	0	2466	17691	28396	33121	31520
>MA0497.1 MEF2C
705	733	431	382	0	1616	1706	2107	2131	2135	56	2177	389	975	1009
321	151	196	1412	985	256	32	0	0	0	62	0	120	836	450
676	573	822	78	0	74	241	87	2	4	0	32	1671	148	126
507	752	760	337	1224	263	230	15	76	70	2091	0	29	250	624
>MA0498.1 Meis1
1341	171	121	0	0	85	0	2458	261	334	175	1059	515	472	529
122	759	2411	0	0	50	2607	0	1115	537	1472	547	802	1007	736
499	1414	3	0	2607	0	0	0	1075	263	494	145	696	536	480
645	263	72	2607	0	2472	0	149	156	1473	466	856	594	592	862
>MA0499.1 Myod1
6862	4142	0	24353	0	0	0	0	9	16	5861	1913	4129
5589	6513	24514	0	6423	24514	0	0	9087	11010	7591	11622	7657
5003	11000	0	0	18072	0	0	24514	654	2905	5945	4319	4423
7060	2859	0	161	19	0	24514	0	14764	10583	5117	6660	8305
>MA0500.1 Myog
7838	11572	0	19356	0	67	0	0	2832	5343	4069
2870	331	19356	0	0	16261	0	0	8524	3764	4770
8648	7453	0	0	19356	3028	0	19356	5881	5168	7519
0	0	0	0	0	0	19356	0	2119	5081	2998
>MA0501.1 NFE2::MAF
726	0	0	1090	16	110	80	978	8	0	931	383	361	292	211
26	0	0	0	871	1	937	0	4	1063	17	203	100	102	283
334	0	1082	0	166	12	22	51	1041	22	73	283	130	91	106
4	1090	8	0	37	967	51	61	37	5	69	221	499	605	490
>MA0502.1 NFYB
2965	2816	2821	655	674	2832	3509	0	0	7020	7003	0	413	5454	725
1580	1759	1760	2228	2076	1091	139	7020	7020	0	0	0	4780	97	943
1984	1078	1176	1089	2707	2978	2921	0	0	0	17	0	1709	1457	5136
491	1367	1263	3048	1563	119	451	0	0	0	0	7020	118	12	216
>MA0503.1 Nkx2-5 (var.2)
1790	1282	344	0	2467	0	0	0	2858	2265	502
327	192	1777	3429	6	3429	0	3391	431	3	956
821	1467	1292	0	0	0	0	0	0	825	1795
491	488	16	0	956	0	3429	38	140	336	176
>MA0504.1 NR2C2
129	82	193	0	10	3	6	343	187	324	10	11	0	9	290
126	70	6	8	3	0	309	0	0	0	0	0	27	315	0
90	221	195	366	355	79	54	48	208	71	385	336	89	35	92
50	22	1	21	27	313	26	4	0	0	0	48	279	36	13
>MA0505.1 Nr5a2
645	985	276	122	71	8	1685	1679	39	0	169	0	1437	271	249
224	170	198	378	351	1616	14	0	0	0	584	1568	20	345	693
634	336	990	366	23	74	0	23	1663	1702	61	12	90	740	454
199	211	238	836	1257	4	3	0	0	0	888	122	155	346	306
>MA0506.1 NRF1
602	623	196	0	1514	0	0	0	0	74	2245
375	4001	189	4016	1862	403	0	4338	349	4550	804
3647	0	4239	468	935	528	4624	0	4275	0	1575
0	0	0	140	313	3693	0	286	0	0	0
>MA0507.1 POU2F2
415	530	605	2016	0	256	0	158	0	2257	0	1159	594
635	266	825	19	0	2	0	0	2271	30	2	39	361
402	593	415	1	0	0	0	1997	0	0	0	613	107
835	898	442	251	2287	2029	2287	132	16	0	2285	476	1225
>MA0508.1 PRDM1
1779	1649	3148	3486	4173	422	728	211	4603	4161	4497	159	117	1057	2042
471	298	345	439	0	0	110	0	0	0	0	142	458	498	778
1037	2331	688	442	430	4038	930	4392	0	430	39	4186	520	2239	973
1316	325	422	236	0	143	2835	0	0	12	67	116	3508	809	810
>MA0509.1 Rfx1
290	58	145	421	37	0	1254	138	604	186	287	1793	2082	0
157	222	833	433	1748	2048	402	115	0	0	1710	0	0	2138
1532	377	131	762	96	0	73	96	1534	1952	12	244	56	0
159	1481	1029	522	257	90	409	1789	0	0	129	101	0	0
>MA0510.1 RFX5
343	595	6	181	1189	0	1844	245	0	3057	3692	0	2084	956	871
1572	796	1870	3687	2171	832	1	0	2815	497	176	3868	782	361	1388
561	862	1283	0	61	0	2023	3514	408	314	0	0	0	2184	1239
1392	1615	709	0	447	3036	0	109	645	0	0	0	1002	367	370
>MA0511.1 RUNX2
99	165	151	121	124	75	9	0	15	0	0	0	42	258	126
133	119	79	172	155	392	4	1	3	0	0	132	190	8	126
443	444	426	477	245	133	11	1030	0	1062	1060	90	158	143	462
387	334	406	292	538	462	1038	31	1044	0	2	840	672	653	348
>MA0512.1 Rxra
278	4154	2623	4877	0	0	0	0	5348	1150	1640
4521	418	252	0	0	0	583	5348	0	1070	742
305	9	2473	471	5348	3882	643	0	0	2336	1569
244	767	0	0	0	1466	4122	0	0	792	1397
>MA0513.1 SMAD2::SMAD3::SMAD4
166	196	14	33	0	0	106	211	0	765	30	117	110
432	75	8	45	899	0	231	125	896	19	736	583	214
168	34	877	103	0	0	539	280	3	18	133	47	35
133	594	0	718	0	899	23	283	0	97	0	152	540
>MA0514.1 Sox3
0	0	262	0	0	0	0	0	19	42
1487	1552	0	0	0	144	0	698	853	654
330	0	0	0	0	1923	0	254	22	382
250	515	1805	2067	2067	0	2067	1115	1173	989
>MA0515.1 Sox6
4	0	161	0	0	0	0	0	4	14
139	221	0	0	0	0	0	115	112	76
50	0	0	0	0	249	0	5	0	31
56	28	88	249	249	0	249	129	133	128
>MA0516.1 SP2
160	39	52	0	0	174	0	0	0	206	115	187	226	228	203
253	811	1386	1679	1643	0	1686	1656	1108	1196	971	554	717	794	745
1028	257	1	7	0	1280	0	0	0	0	99	325	401	408	422
245	579	247	0	43	232	0	30	578	284	501	620	342	256	316
>MA0517.1 STAT2::STAT1
69	150	430	3	0	3	3	0	255	107	4	10	4	15	28
63	230	7	148	2	2	13	581	75	111	13	2	170	489	365
77	84	151	467	0	0	4	0	191	161	10	0	4	9	36
411	156	32	2	618	615	600	39	99	241	593	608	442	107	191
>MA0518.1 Stat4
211	12	26	632	307	1450	733	45	2873	2873	1573	486	632	889
1019	2	0	2229	1491	28	0	0	0	0	279	785	721	443
484	0	529	12	72	1223	2134	2828	0	0	833	685	1028	1117
1159	2859	2318	0	1003	172	6	0	0	0	188	917	492	424
>MA0519.1 Stat5a::Stat5b
6172	2073	0	0	0	263	7044	11543	0	14888	14886
2326	3596	0	1600	16341	12795	6137	0	0	93	0
4425	2901	0	0	0	0	0	4140	16507	0	1621
3584	7937	16507	14907	166	3449	3326	824	0	1526	0
>MA0520.1 Stat6
257	665	152	0	13	122	70	664	328	1153	26	1852	1849	621	345
663	328	566	0	0	1680	1204	21	534	3	0	0	0	540	490
482	372	436	0	0	0	0	219	898	416	1796	0	3	398	235
450	487	698	1852	1839	50	578	948	92	280	30	0	0	293	782
>MA0521.1 Tcf12
6170	8820	0	12895	8	184	0	0	1875	3912	2863
1585	124	12895	0	0	10822	0	0	5527	2416	3005
5123	3951	0	0	12887	1889	0	12895	3811	2925	4836
17	0	0	0	0	0	12895	0	1682	3642	2191
>MA0522.1 Tcf3
2717	8100	0	17261	0	0	0	0	0	6957	2351
8489	6433	17261	0	4101	16850	0	0	12529	4204	4115
4689	1756	0	0	12403	411	0	17261	3397	96	6625
1366	972	0	0	757	0	17261	0	1335	6004	4170
>MA0523.1 TCF7L2
1525	1808	3070	85	2795	138	155	4188	4103	4169	303	1035	1398	1782
756	840	136	1947	26	0	3304	0	15	0	37	849	1123	826
1140	1153	559	2008	0	0	729	0	70	19	3848	2008	1210	757
767	387	423	148	1367	4050	0	0	0	0	0	296	457	823
>MA0524.1 TFAP2C
4801	6477	2550	4918	421	0	0	0	1082	16442	191	0	285	4343	8905
6752	4693	4943	2009	6040	18426	14817	9317	14790	0	0	0	7908	9235	3259
2123	3347	2643	6098	11033	0	0	1237	1768	1195	18235	18426	10222	1788	2536
4750	3909	8290	5401	932	0	3609	7872	786	789	0	0	11	3060	3726
>MA0525.1 TP63
3613	2402	4027	19	6536	2926	82	896	2058	437	5045	2812	4726	0	5101	953	225	528	2379	1446
1752	1337	544	9153	1640	255	0	4400	4119	7000	2050	989	198	9632	1856	817	0	5454	4089	3775
2372	3599	3802	102	616	1263	9550	74	998	1417	208	4555	3530	0	66	695	9394	213	408	1621
1895	2294	1259	358	840	5188	0	4262	2457	778	2329	1276	1178	0	2609	7167	13	3437	2756	2790
>MA0526.1 USF2
3976	1495	0	13819	0	0	0	0	10453	0	2184
2073	4490	13819	0	4863	0	0	0	745	9929	6633
7125	1909	0	0	1370	13819	0	13819	2568	729	455
645	5925	0	0	7586	0	13819	0	53	3161	4547
>MA0527.1 ZBTB33
82	6	28	10	0	35	2	0	461	8	416	85	19	79	90
256	66	659	89	705	0	668	0	80	57	94	232	328	145	233
146	32	11	5	0	667	0	705	118	450	141	136	43	109	266
221	601	7	601	0	3	35	0	46	190	54	252	315	372	116
>MA0528.1 ZNF263
2366	4596	11118	453	1011	13919	1569	1552	8113	5132	3096	6598	4175	4106	7943	3823	3132	8305	5226	4067	7264
293	0	0	0	1738	551	844	1427	968	1543	1069	590	620	1618	950	1	0	0	219	650	907
11078	10639	2802	13819	12444	43	11252	11451	5513	7042	9471	6730	8903	9042	4780	9659	11444	5892	8923	9819	6141
1498	0	1315	963	42	722	1570	805	641	1518	1599	1317	1537	469	1562	1752	659	1038	867	699	923
>MA0007.2 AR
6277	6497	0	6462	11206	26	10426	1478	4353	3312	3241	0	2214	2656	1599
1112	0	0	1304	0	11115	0	2976	2096	3249	142	525	1262	2434	7032
3049	4709	11206	1254	0	65	107	4023	2151	3291	305	10681	671	2460	298
768	0	0	2186	0	0	673	2729	2606	1354	7518	0	7059	3656	2277
>MA0102.3 CEBPA
10351	0	0	705	0	11956	2660	12226	15318	0	5804
1332	0	0	0	15318	1274	7654	3092	0	5688	4963
3635	0	0	11304	0	1066	0	0	0	1804	890
0	15318	15318	3309	0	1022	5004	0	0	7826	3661
>MA0024.2 E2F1
259	218	144	0	0	0	0	0	1059	508	305
317	0	274	0	1059	0	337	286	0	0	269
280	628	641	1059	0	1059	722	773	0	551	485
203	213	0	0	0	0	0	0	0	0	0
>MA0154.2 EBF1
4513	0	0	886	0	9191	21366	1085	8427	0	22124
7097	10267	33855	22776	33781	22317	0	0	0	0	2891
12581	2643	0	0	0	0	0	32770	25294	33855	7215
9664	20945	0	10193	74	2347	12489	0	134	0	1625
>MA0162.2 EGR1
1098	1506	1160	1335	233	2911	0	0	0	3652	0	2368	0	3026
5728	6847	6049	10431	11574	0	12256	11852	10154	8361	11952	0	9849	5595
3083	1359	2250	0	0	6840	0	0	611	0	0	6599	1420	1913
2347	2544	2797	490	449	2505	0	404	1491	243	304	3289	987	1722
>MA0076.2 ELK4
298	391	2034	0	8	0	0	0	0	0	290
1458	1905	145	2688	0	0	3427	3427	0	501	1253
886	570	1038	16	0	0	0	0	2915	2843	668
785	561	210	723	3419	3427	0	0	512	83	1216
>MA0258.2 ESR2
5410	429	59	74	0	8098	502	2092	1808	1602	1121	3278	434	1111	834
96	0	0	147	7621	1	4202	3235	2510	975	398	2056	6469	5854	2708
2563	7170	8143	989	533	57	2738	1688	2173	533	6658	1391	363	0	606
174	644	41	7033	89	87	801	1228	1752	5133	66	1518	977	1278	4095
>MA0098.2 Ets1
431	145	263	1179	0	329	0	0	0	0	0	65	146	306	265
668	1160	993	117	1507	0	0	1868	1868	0	329	579	678	542	629
420	244	187	451	4	0	0	0	0	156	1422	62	437	309	472
349	319	425	121	357	1539	1868	0	0	1712	117	1162	607	711	502
>MA0148.3 FOXA1
4328	4659	3062	7135	70	5883	0	0	0	18252	0	9193	827	10702	4807
4827	6851	8558	4317	0	0	0	0	0	0	20556	2655	7296	1	2603
4124	4731	5314	3641	12	16125	0	1292	2859	3756	0	0	1392	63	9415
8729	5767	5074	6915	21926	0	22008	20716	19149	0	1452	10160	12493	11242	5183
>MA0035.3 Gata1
2035	506	0	0	0	17955	0	0	2166	2502	1886
4321	6406	14869	697	0	0	0	17955	0	6166	5072
2530	2792	437	0	0	0	0	0	0	6687	1598
9069	8251	2649	17258	17955	0	17955	0	15789	2600	9399
>MA0036.2 GATA2
1569	1125	1555	1051	32	9	0	51	4380	0	0	1225	104	1256
567	768	729	525	1057	3015	192	0	0	0	4380	0	1765	1185
754	1709	1220	427	765	914	0	0	0	0	0	0	1967	224
1490	778	876	2377	2526	442	4188	4329	0	4380	0	3155	544	1715
>MA0037.2 GATA3
4628	0	4628	0	4628	4628	1290	2796
0	0	0	0	0	0	0	712
0	4628	0	0	0	0	3338	1120
0	0	0	4628	0	0	0	0
>MA0114.2 HNF4A
2766	1731	837	6075	11026	117	26	178	0	864	5270	6119	1156	1870	2070
5971	720	51	1846	4425	16535	1630	2637	173	35	3745	5653	13491	6498	6450
3974	907	15810	8370	329	67	0	367	407	15741	5340	1662	352	415	3001
4057	13410	70	477	988	49	15112	13586	16188	128	2413	3334	1769	7985	5247
>MA0050.2 IRF1
316	251	173	138	735	24	12	0	0	0	913	20	16	7	11	17	513	218	145	198	166
320	284	324	430	101	792	0	31	56	1249	39	787	1	14	58	1023	245	464	186	193	331
266	251	212	148	361	506	0	0	4	0	238	345	0	5	0	28	263	291	114	99	151
460	576	653	646	165	40	1350	1331	1302	113	172	210	1345	1336	1293	294	341	389	917	872	714
>MA0058.2 MAX
12557	13557	5014	0	24565	0	19618	0	0	122
741	1112	3587	24565	0	24565	0	0	0	2889
8243	6781	12571	0	0	0	4947	0	24565	14194
3024	3115	3393	0	0	0	0	24565	0	7360
>MA0052.2 MEF2A
481	169	116	0	1272	1008	1383	1352	1390	6	1472	231	587	530	345
148	149	1179	473	68	0	0	5	0	0	0	49	632	409	449
379	625	32	0	14	119	39	0	0	0	0	1160	112	110	203
465	530	146	1000	119	346	51	116	83	1467	1	33	142	424	476
>MA0100.2 Myb
89	227	979	910	0	53	0	150	30	725
374	452	0	0	979	0	0	416	949	8
190	0	0	69	0	0	979	9	0	0
326	300	0	0	0	926	0	404	0	246
>MA0147.2 Myc
1181	0	5335	0	0	0	0	49	848	82
3650	5335	0	2295	0	0	0	2297	1087	1877
504	0	0	0	5335	0	5335	2081	556	801
0	0	0	3040	0	5335	0	908	2844	2575
>MA0104.3 Mycn
528	0	0	1403	0	168	0	0
146	1135	1403	0	1403	0	0	0
566	268	0	0	0	1235	0	1403
163	0	0	0	0	0	1403	0
>MA0150.2 Nfe2l2
166	401	118	203	488	0	0	726	20	84	65	577	10	4	623
338	78	239	247	28	0	0	0	533	20	549	3	11	699	26
109	159	275	152	205	0	711	0	118	16	46	90	698	19	31
113	88	94	124	5	726	15	0	55	606	66	56	7	4	46
>MA0105.3 NFKB1
570	55	121	3141	2228	0	0	0	0	0	1580
319	0	0	224	1204	0	55	1526	4858	5026	2395
2682	5057	4902	1635	812	0	84	0	0	0	269
1541	0	89	112	868	5112	4973	3586	254	86	868
>MA0060.2 NFYA
4708	1187	3548	1203	1826	192	237	16	222	8555	5	10	29	12	377	460	1537	4261
1515	987	2256	2973	2344	834	7384	993	1018	2	52	5	10	70	2677	3943	4176	1136
983	4580	2168	3978	313	4788	481	242	7181	150	8	5	8720	8683	15	1873	2227	2707
1562	2014	796	614	4285	2954	666	7517	347	61	8703	8748	9	3	5699	2492	828	664
>MA0014.2 PAX5
261	315	308	245	0	39	766	152	9	174	542	537	0	3	317	153	225	587	152
228	59	30	148	169	736	21	163	538	419	8	17	215	751	17	41	6	33	667
333	222	546	336	455	0	83	533	35	294	344	185	679	17	540	155	659	222	25
74	300	12	167	272	121	26	48	314	9	2	157	2	125	22	547	6	54	52
>MA0080.3 Spi1
24957	27071	38966	42251	38682	12577	45356	4801	0	63665	63715	3436	8250	3893	21911
10470	7875	3311	3103	534	8120	3209	0	0	0	0	10145	3223	12038	12028
17557	22021	13786	12032	11483	43018	14683	58914	63715	50	0	50134	3385	45501	21003
10731	6748	7652	6329	13016	0	467	0	0	0	0	0	48857	2283	8773
>MA0143.3 Sox2
0	0	669	0	0	0	0	0
1476	1476	0	0	0	0	0	419
0	0	0	0	0	1476	0	297
0	0	807	1476	1476	0	1476	760
>MA0079.3 SP1
857	0	99	0	0	1359	0	0	0	1054	652
1786	6215	6703	8734	8661	0	8734	8734	6679	6357	4969
4271	642	0	0	0	4624	0	0	0	0	734
1820	1877	1932	0	73	2751	0	0	2055	1323	2379
>MA0083.2 SRF
426	1017	515	270	477	49	0	1767	1184	2226	590	2048	1452	68	15	608	1353	1299
813	446	285	257	681	2144	2105	66	0	0	120	12	10	0	7	864	504	178
281	331	206	1000	533	0	0	23	73	16	16	51	87	2209	2255	441	230	460
757	483	1271	750	586	84	172	421	1020	35	1551	166	728	0	0	364	190	340
>MA0137.3 STAT1
366	0	0	361	109	1739	163	29	3620	3624	1879
731	52	6	3262	2009	0	0	7	0	5	311
785	0	110	6	0	1637	3466	3426	9	0	725
1747	3577	3513	0	1511	253	0	167	0	0	714
>MA0144.2 STAT3
1936	708	250	1006	840	3692	1574	2532	21620	21620	9311
8571	0	346	19585	7780	0	0	0	0	0	962
3801	0	5850	0	0	11456	20046	18686	0	0	6579
7312	20912	15174	1029	13000	6472	0	402	0	0	4768
>MA0140.2 TAL1::GATA1
1114	206	318	4955	0	0	2049	658	963	1191	1778	1038	1352	1885	1381	110	4659	160
2038	807	0	0	0	4955	63	1331	1214	1127	1130	1237	1142	1033	1237	4822	0	890
967	159	0	0	0	0	55	2214	1244	1520	990	1712	1466	820	1884	23	0	3544
836	3783	4637	0	4955	0	2788	752	1534	1117	1057	968	995	1217	453	0	296	361
>MA0003.2 TFAP2A
1387	2141	727	1517	56	0	0	62	346	3738	460	0	116	451	3146
1630	1060	1506	519	1199	5098	4762	1736	2729	236	0	0	1443	3672	690
851	792	884	985	3712	0	0	85	1715	920	4638	5098	3455	465	168
1230	1105	1981	2077	131	0	336	3215	308	204	0	0	84	510	1094
>MA0106.2 TP53
736	3	963	269	0	73	175	80	810	337	837	0	1013	178	36
0	1191	45	11	0	597	818	919	162	45	0	1226	26	43	6
469	5	29	33	1231	0	47	52	87	790	377	3	12	25	1186
26	32	194	918	0	561	191	180	172	59	17	2	180	985	3
>MA0093.2 USF1
4846	1472	43	16573	188	1605	0	0	14762	0	1821
3764	7448	16799	0	10279	595	0	0	0	13166	9926
7162	2983	0	0	932	14642	0	16842	1375	0	1113
1070	4939	0	269	5443	0	16842	0	705	3676	3982
>MA0095.2 YY1
1126	6975	6741	2506	7171	0	11	13	812	867	899	1332
4583	0	99	1117	0	12	0	0	5637	1681	875	4568
801	181	268	3282	0	0	7160	7158	38	2765	4655	391
661	15	63	266	0	7159	0	0	684	1858	742	880
>MA0103.2 ZEB1
856	0	1197	0	3555	0	0	0	0
1455	2991	333	3170	0	3555	3555	0	0
830	0	431	0	0	0	0	0	3555
414	564	1594	385	0	0	0	3555	0
>MA0529.1 BEAF-32
746	959	1256	1871	1982	2196	1547	745	3908	0	0	77	3613	428	2162
872	1437	847	1358	344	324	1841	635	0	0	3985	0	0	170	0
1132	847	1309	756	671	1013	597	0	77	0	0	3908	372	0	788
1235	742	573	0	988	452	0	2605	0	3985	0	0	0	3387	1035
>MA0216.2 CAD
854	575	0	745	2117	0	2236	2303	2303	1637	1046
0	341	1481	1475	0	95	0	0	0	115	755
1143	1387	0	0	186	0	0	0	0	147	0
306	0	822	83	0	2208	67	0	0	404	502
>MA0530.1 CNC::maf-S
142	340	0	0	407	0	80	78	136	24	0	368	133	221	214
113	20	0	0	46	292	0	215	33	0	474	0	128	63	12
159	114	0	474	21	80	169	90	163	422	0	106	99	0	0
60	0	474	0	0	102	225	91	142	28	0	0	114	190	248
>MA0531.1 CTCF
306	313	457	676	257	1534	202	987	2	0	2	124	1	79	231
876	1147	383	784	714	1	0	0	4	0	0	1645	0	1514	773
403	219	826	350	87	192	1700	912	311	1902	1652	3	1807	8	144
317	223	236	92	844	175	0	3	1585	0	248	130	94	301	754
>MA0452.2 KR
179	205	151	1248	1080	11	0	0	0	0	0	113	318	211
422	189	386	0	216	1170	1177	1296	202	0	113	399	322	434
238	218	73	0	0	0	0	0	0	0	0	231	285	219
457	684	686	48	0	115	119	0	1094	1296	1183	553	371	432
>MA0532.1 STAT92E
15	24	27	91	47	0	0	0	0	38	41	0	113	118	63
50	22	35	1	0	1	6	106	67	21	2	1	0	0	9
24	59	41	17	27	1	0	0	14	30	70	117	2	0	10
29	13	15	9	44	116	112	12	37	29	5	0	3	0	36
>MA0533.1 SU(HW)
336	243	778	855	2767	3438	4217	3904	410	17	4276	7	199	116	2821	3392	523	2535	1815	2231	1996
1133	4116	3001	1480	586	208	93	19	235	441	21	11	5	4594	411	296	2430	354	1284	447	379
2808	35	231	977	925	529	295	316	3759	96	95	1140	4526	6	8	713	191	1409	770	345	351
460	343	727	1425	459	562	132	498	333	4183	345	3579	7	21	1497	336	1593	439	868	1714	2011
>MA0534.1 EcR::usp
29	60	19	5	9	12	74	34	0	0	66	49	21	0	24
36	12	10	3	0	66	0	11	0	0	33	55	57	34	28
39	32	75	35	0	0	30	5	0	104	0	0	0	0	0
0	0	0	61	95	26	0	54	104	0	5	0	26	70	52
>MA0237.2 pan
0	0	0	0	7	11	7	0	0	0	0	11	34	22
0	71	0	20	43	10	40	30	0	0	0	9	0	0
34	0	71	40	3	19	0	15	0	0	11	41	21	0
37	0	0	11	18	31	24	26	71	71	60	10	16	49
>MA0535.1 Mad
0	35	0	35	0	0	23	0	29	29	11	29	12	32	11
48	26	14	0	102	0	65	71	0	39	53	0	48	34	28
47	13	88	56	0	102	0	31	73	34	25	73	27	16	63
7	28	0	11	0	0	14	0	0	0	13	0	15	20	0
>MA0536.1 pnr
82	802	0	0	0	869	0	580	123	58	91
180	0	32	869	0	0	0	0	0	278	273
5	0	1	0	869	0	0	87	530	194	110
602	67	836	0	0	0	869	202	216	339	395
>MA0247.2 tin
136	0	0	0	326	515	0	0	0	13
54	188	51	425	0	0	0	0	0	157
80	137	0	34	189	0	515	0	515	301
245	190	464	56	0	0	0	515	0	44
>MA0537.1 BLMP-1
1909	3092	2926	3216	842	1157	0	3368	2129	3081	1745
0	0	0	0	0	335	0	0	0	0	128
1459	266	442	152	2060	548	3368	0	1086	254	1383
0	10	0	0	466	1328	0	0	153	33	112
>MA0538.1 DAF-12
22	71	33	23	0	0	0	15	0	1	0	0	32	17	17
20	0	0	52	0	52	0	25	20	0	1	79	0	20	43
113	13	123	6	156	0	156	14	97	0	154	16	84	28	56
1	72	0	75	0	104	0	102	39	155	1	61	40	91	40
>MA0540.1 DPY-27
0	2	1	1	0	0	0	0	1	0	0	3	16	8	9	12
6	8	0	19	22	22	0	0	19	0	21	3	0	0	0	1
3	8	3	0	0	0	0	14	1	22	0	13	0	3	6	9
13	4	18	2	0	0	22	8	1	0	1	3	6	11	7	0
>MA0541.1 EFL-1
662	589	580	352	92	61	11	0	0	133	2096	2011	1424	696	319
738	391	799	314	1150	22	2192	0	1239	628	55	26	137	214	389
194	811	166	875	893	2123	3	2206	967	1445	18	156	177	171	352
612	415	661	665	71	0	0	0	0	0	37	13	468	1125	1146
>MA0542.1 ELT-3
0	0	0	0	722	0	0	722
108	432	0	0	0	0	722	0
0	124	0	0	0	0	0	0
614	166	722	722	0	722	0	0
>MA0543.1 EOR-1
439	457	939	133	1206	100	1153	262	429	237	1184	74	1170	202	974
169	133	89	2	1	0	12	597	44	547	41	28	3	336	26
427	497	167	1113	0	1126	70	319	694	403	28	1151	74	686	184
218	166	58	5	46	27	18	75	86	66	0	0	6	29	69
>MA0544.1 GEI-11
90	3	0	2	3	8	4	12	0	10	0	39
7	34	0	2	305	12	2	256	179	0	293	65
175	3	310	0	0	278	299	15	30	296	1	37
38	270	0	306	2	12	5	27	101	4	16	169
>MA0545.1 HLH-1
71	306	289	0	381	68	23	0	0	97	0
139	22	15	381	0	13	264	3	0	75	261
148	53	72	0	0	297	12	0	381	77	22
23	0	5	0	0	3	82	378	0	132	98
>MA0546.1 PHA-4
585	534	537	41	0	862	1010	1010	0	1010
71	0	0	0	407	148	0	0	623	0
0	471	79	969	0	0	0	0	0	0
354	5	394	0	603	0	0	0	387	0
>MA0547.1 SKN-1
190	237	209	268	32	0	265	20	0	318	31	249	240	139	92
43	12	24	0	36	17	35	0	0	0	179	0	0	16	37
62	39	55	16	26	301	5	0	318	0	22	28	0	21	53
23	30	30	34	224	0	13	298	0	0	86	41	78	142	136
>MA0548.1 AGL15
9	4	18	0	4	63	15	33	3	15	14	18	2	54	80
5	10	0	144	99	20	23	4	0	9	14	0	0	30	10
3	6	11	2	1	18	16	3	0	8	27	124	110	30	11
133	130	121	4	46	49	96	110	147	118	95	8	38	36	49
>MA0549.1 BES1
23	41	0	89	0	0	0	3	16	17	36
45	8	99	0	99	0	0	0	5	33	29
10	50	0	4	0	99	0	96	36	46	33
21	0	0	6	0	0	99	0	42	3	1
>MA0550.1 BZR1
63	55	30	49	0	147	6	0	0	6	42	41	42	81
60	47	20	66	153	2	147	0	0	5	0	53	61	39
30	27	52	26	0	0	0	153	0	142	39	43	22	0
0	24	51	12	0	4	0	0	153	0	72	16	28	33
>MA0551.1 HY5
103	108	52	9	150	0	310	3	1	0	2	4	24	183	94	89
60	56	55	8	165	317	1	311	5	9	1	1	279	30	62	68
68	62	30	279	1	1	9	5	311	1	317	165	8	55	56	60
89	94	183	24	4	2	0	1	3	310	0	150	9	52	108	103
>MA0552.1 PIL5
37	25	35	53	27	9	38	0	114	0	0	0	0	22
12	0	28	8	27	17	14	103	0	113	0	2	0	23
37	53	29	40	32	73	14	11	0	1	114	0	114	51
28	36	22	13	28	15	48	0	0	0	0	112	0	18
>MA0553.1 SMZ
0	0	0	0	0	0	135	0
105	119	0	147	0	0	12	147
0	28	0	0	147	25	0	0
42	0	147	0	0	122	0	0
>MA0554.1 SOC1
288	172	65	62	117	20	0	459	137	130	22	98	90	181	17
123	264	27	0	47	855	617	37	78	6	8	24	71	10	23
99	113	34	51	89	13	9	56	0	0	0	0	86	683	665
378	339	762	775	635	0	262	336	673	752	858	766	641	14	183
>MA0555.1 SVP
28	28	28	33	7	3	58	67	86	77	78	34	16	0	71	84	77	34	50	38
24	11	1	16	85	79	16	5	0	1	8	10	0	0	10	2	7	8	16	21
21	8	10	11	0	1	7	8	0	2	3	14	74	92	0	2	2	39	5	3
19	45	53	32	0	9	11	12	6	12	3	34	2	0	11	4	6	11	21	30
>MA0556.1 AP3
92	84	48	0	185	217	283	240	156	95	98	7	183	231	243
36	33	241	232	61	22	0	1	10	0	2	0	56	18	9
20	39	0	1	11	11	0	0	104	30	191	284	5	9	19
143	135	2	58	34	41	8	50	21	166	0	0	47	33	20
>MA0557.1 FHY3
46	75	9	226	2	3	0	4	18	16	63	82
81	58	210	3	230	16	220	0	208	40	68	44
40	25	9	2	1	213	0	228	6	17	40	50
68	77	7	4	2	3	15	3	3	162	64	59
>MA0558.1 FLC
121	90	95	82	78	54	9	135	198	261	233	193	78	141	0	217	268	257	62	109	103
44	61	37	26	25	193	185	70	10	0	3	3	11	0	0	21	3	1	43	47	50
45	63	21	36	66	12	4	37	38	3	3	18	15	134	275	6	4	15	148	17	29
65	61	122	131	106	16	77	33	29	11	36	61	171	0	0	31	0	2	22	102	93
>MA0559.1 PI
156	57	357	448	551	498	301	312	231	7	446	495	456	256
335	394	79	12	1	0	8	14	0	6	54	7	26	58
48	44	67	83	4	12	244	69	327	545	7	24	60	199
19	63	55	15	2	48	5	163	0	0	51	32	16	45
>MA0560.1 PIF3
210	58	19	0	527	0	0	0	0	259
26	131	399	527	0	409	0	0	0	33
148	222	94	0	0	0	527	0	527	137
143	116	15	0	0	118	0	527	0	98
>MA0561.1 PIF4
0	335	0	49	0	0	0	64
335	0	335	0	0	0	99	206
0	0	0	286	0	335	183	65
0	0	0	0	335	0	53	0
>MA0562.1 PIF5
0	0	286	0	91	0	0	0
78	286	0	286	0	0	0	95
0	0	0	0	195	0	286	161
208	0	0	0	0	286	0	30
>MA0563.1 SEP3
24	19	1	77	12	19	0	9	11	9	0
37	111	97	0	28	0	0	0	3	0	7
29	5	1	0	5	5	0	24	22	138	114
60	15	51	73	105	126	150	117	114	3	29
>MA0564.1 ABI3
6	15	3	1	97	1	1	6	50
60	16	7	96	1	1	1	84	15
9	15	85	2	1	1	96	8	13
25	53	5	1	1	97	1	2	22
>MA0565.1 FUS3
8	1	1	99	1	0	1	29	15
61	2	99	0	0	0	97	3	44
4	97	0	0	1	99	2	59	25
28	1	0	1	99	1	1	9	16
>MA0566.1 MYC2
25	9	97	0	15	1	0	5
10	91	0	85	0	2	0	60
60	0	2	0	85	0	91	10
5	0	1	15	0	97	9	25
>MA0567.1 ERF1
42	1	0	4	2	2	1	58
54	1	98	96	0	92	98	5
3	98	1	0	97	2	1	24
1	1	1	0	1	4	1	12
>MA0568.1 MYC3
25	10	97	0	16	1	0	7
28	89	0	84	0	2	0	40
40	0	2	0	84	0	89	28
7	0	1	16	0	97	10	25
>MA0569.1 MYC4
38	5	99	0	2	0	0	2
18	95	0	94	0	1	0	72
36	0	0	0	98	0	98	8
8	0	1	6	0	99	2	17
>MA0570.1 ABF1
0	8	19	0	43	0	0	0	0	0	0	17	6	13	20	12	13	10	13
4	2	16	35	0	44	0	0	0	0	44	14	24	6	11	19	12	6	9
32	28	0	8	1	0	44	0	44	38	0	9	9	21	11	13	17	23	20
8	6	9	1	0	0	0	44	0	6	0	4	5	4	2	0	2	5	2
>MA0005.2 AG
21	9	10	29	0	0	31	47	52	25	17	19	7	2	22	45	40	15
20	3	0	8	66	65	3	2	0	0	15	8	0	0	17	4	6	10
6	3	1	8	0	0	6	0	1	1	11	20	57	54	5	5	9	16
19	51	55	21	0	1	26	17	13	40	23	19	2	10	22	12	11	25
>MA0571.1 ANT
6	5	8	0	31	0	21	8	15	0	4	0	0	9	34	7	3	2	8	12	19
4	7	0	32	0	34	0	6	1	3	25	34	33	11	0	1	1	10	6	10	4
12	13	24	0	2	0	13	15	1	0	0	0	0	13	0	16	29	3	14	4	3
12	9	2	2	1	0	0	5	17	31	5	0	1	1	0	10	1	19	6	8	8
>MA0572.1 ATHB1
1	4	3	22	25	0	0	25	0	0	3	2
5	5	13	1	0	0	5	0	0	0	1	8
3	3	4	0	0	0	0	0	0	0	12	4
10	10	3	1	0	25	20	0	25	25	0	1
>MA0110.2 ATHB5
0	4	2	2	0	32	39	0	2	39	0	0	0
9	9	12	17	32	6	0	0	8	0	0	0	0
12	17	8	10	4	0	0	0	7	0	0	0	7
9	4	14	7	3	1	0	39	22	0	39	39	1
>MA0573.1 ATHB9
4	5	5	3	0	0	25	26	0	0	26	0	0	17	0	5	2	0	0
2	3	4	8	1	6	0	0	0	0	0	0	0	0	25	1	6	3	5
1	3	2	2	25	0	1	0	0	26	0	0	3	9	1	4	0	4	3
2	3	5	5	0	20	0	0	26	0	0	26	23	0	0	7	4	3	0
>MA0574.1 AtMYB15
4	27	64	4	0	0	0	87	0	0	0	18	4
73	18	18	64	0	0	0	4	0	0	0	0	0
9	51	18	18	100	100	0	0	100	100	0	78	87
14	4	0	14	0	0	100	9	0	0	100	4	9
>MA0575.1 AtMYB77
33	57	27	6	9	68	0	50	0	0	0	68	3
30	17	9	30	6	3	100	0	0	0	0	3	55
20	17	37	20	82	23	0	50	100	0	0	26	30
17	9	27	44	3	6	0	0	0	100	100	3	12
>MA0576.1 AtMYB84
22	0	18	14	0	0	0	78	0	0	0	0	4
18	14	4	9	0	0	0	4	0	0	0	0	32
42	86	78	55	100	100	0	4	100	100	0	96	60
18	0	0	22	0	0	100	14	0	0	100	4	4
>MA0577.1 AtSPL3
13	8	14	10	13	2	0	0	34	0	10	13	8	10	12	9
3	2	0	1	15	29	0	0	0	34	7	6	9	8	7	12
9	8	6	13	1	2	34	0	0	0	7	2	4	2	0	3
9	16	14	10	5	1	0	34	0	0	10	13	13	14	15	10
>MA0578.1 AtSPL8
11	11	9	10	10	3	0	0	30	0	6	10	5	13	10	11
1	0	4	1	6	10	0	0	0	30	12	7	8	5	3	6
4	6	6	4	4	2	30	0	0	0	1	0	1	0	0	0
14	13	11	15	10	15	0	30	0	0	11	13	16	12	17	13
>MA0579.1 CDC5
28	17	0	2	6	91	2	2	4	2	18
24	26	92	2	85	2	0	93	4	55	23
32	55	4	0	0	2	93	5	91	27	45
15	2	4	96	8	4	4	0	0	16	14
>MA0580.1 DYT1
4	3	1	2	10	3	4	0	11	0	1	0	0	11
6	1	2	2	1	0	0	11	0	11	0	0	0	0
0	7	1	6	0	7	0	0	0	0	10	0	11	0
1	0	7	1	0	1	7	0	0	0	0	11	0	0
>MA0581.1 LEC2
107	96	2	487	0	0	0	301	115	228	96
86	163	475	0	0	0	487	30	218	86	79
119	165	0	0	0	487	0	156	60	44	62
175	63	10	0	487	0	0	0	94	129	250
>MA0582.1 RAV1
14	16	7	0	47	62	0	69	9	41	34	27
17	11	14	62	12	4	69	0	7	4	6	9
12	10	35	0	9	3	0	0	32	4	10	17
6	14	1	0	0	0	0	0	21	20	19	16
>MA0583.1 RAV1 (var.2)
22	13	8	40	1	0	0	0	24	12	12	8
12	15	49	6	56	65	0	0	7	15	14	20
10	8	1	8	3	0	0	58	19	18	16	5
18	28	7	11	5	0	65	0	5	9	10	13
>MA0584.1 SEP1
14	14	11	19	0	0	39	20	37	25	28	4	26	0	23	40	33	6
15	6	4	7	51	46	5	2	0	0	4	6	0	0	11	3	5	8
7	10	6	9	0	0	1	4	0	0	4	3	25	51	3	0	5	17
15	21	30	16	0	5	6	25	14	26	15	38	0	0	14	8	8	20
>MA0001.2 SEP4
22	16	25	27	0	0	82	40	56	35	65	25	64	0	33	52	45	21
29	9	8	16	92	79	1	4	0	0	1	4	0	0	14	5	23	24
34	29	4	13	0	0	2	3	1	0	4	3	28	92	15	7	13	26
10	41	58	39	3	16	10	48	38	60	25	63	3	3	33	31	14	24
>MA0585.1 SHP1
21	12	4	21	0	1	30	31	42	26	14	15	7	4	26	48	39	18
11	6	1	5	65	63	6	4	1	3	14	8	0	0	6	10	9	15
15	9	9	22	0	1	7	8	1	2	9	28	56	56	5	4	8	19
18	38	51	17	0	0	22	22	21	34	28	14	2	5	28	3	9	13
>MA0586.1 SPL14
2	4	4	4	3	3	0	0	0	0	20	0	12	6	4	8	3	3	5
5	6	5	8	4	1	20	20	0	0	0	20	0	3	3	3	4	6	1
4	4	6	1	9	4	0	0	20	0	0	0	8	8	7	5	8	8	11
9	6	5	7	4	12	0	0	0	20	0	0	0	3	6	4	5	3	3
>MA0587.1 TCP16
3	1	0	0	32	1	0	0	18	12
0	3	0	0	8	60	64	64	10	20
60	0	64	64	15	2	0	0	29	26
1	60	0	0	9	1	0	0	7	6
>MA0588.1 TGA1
2	3	11	0	0	36	0	2	1	6	11
5	8	9	0	0	0	33	0	3	5	0
6	16	12	0	36	0	0	34	2	6	6
10	2	0	36	0	0	3	0	20	5	7
>MA0589.1 ZAP1
0	0	0	50	0	1	2	32	2	2	8
0	0	0	0	50	47	5	11	7	28	20
0	0	50	0	0	1	40	4	37	5	5
50	50	0	0	0	1	3	3	4	14	13
>MA0590.1 LFY
32	266	56	20	126	228	10	0	94	35	10	19	8	50	4	360	325	80	199
104	13	75	7	0	43	364	358	2	174	273	0	0	2	246	178	12	17	49
49	17	12	178	246	2	0	0	273	174	2	358	364	43	0	7	75	13	104
199	80	325	360	4	50	8	19	10	35	94	0	10	228	126	20	56	266	32
>MA0591.1 Bach1::Mafk
45	14	15	66	2	0	113	0	1	5	108	0	0	98	12
14	36	41	16	1	0	0	94	0	107	1	1	114	4	42
41	46	54	32	0	107	0	20	4	2	3	113	0	6	38
14	18	4	0	111	7	1	0	109	0	2	0	0	6	22
>MA0592.1 ESRRA
17	18	200	198	0	0	6	0	197	23	70
118	174	2	0	0	0	0	205	1	108	54
11	15	6	10	203	207	22	3	10	44	40
62	1	0	0	5	1	180	0	0	33	44
>MA0593.1 FOXP2
330	340	160	59	766	766	766	0	766	297	332
113	7	0	0	0	0	0	757	0	154	124
190	142	606	0	0	0	0	0	0	293	184
133	277	0	707	0	0	0	9	0	22	126
>MA0594.1 Hoxa9
34	12	38	161	0	101	157	171	5	7	131
53	110	117	3	0	58	6	1	0	154	11
81	5	0	8	0	8	0	0	1	0	0
4	45	17	0	172	5	9	0	166	11	30
>MA0595.1 SREBF1
28	0	0	58	0	6	0	2	58	0
14	0	58	0	51	38	44	45	0	26
16	0	0	0	7	13	0	11	0	7
0	58	0	0	0	1	14	0	0	25
>MA0596.1 SREBF2
24	0	0	10	2	2	0	0	47	2
9	0	3	0	10	9	0	0	0	16
14	0	44	37	27	36	0	47	0	2
0	47	0	0	8	0	47	0	0	27
>MA0597.1 THAP1
18	15	20	7	3	58	47	30	116
93	47	0	182	195	136	17	71	34
27	12	137	0	0	1	77	41	17
61	125	42	10	1	4	58	57	32
>MA0598.1 EHF
703	0	0	0	0	0	0	0
724	1427	0	0	1427	1427	0	707
0	0	0	0	0	0	0	720
0	0	1427	1427	0	0	1427	0
>MA0599.1 KLF5
1429	0	0	3477	0	5051	0	0	0	3915
2023	11900	12008	9569	13611	0	13611	13611	13135	5595
7572	0	0	0	0	5182	0	0	0	0
2587	1711	1603	565	0	3378	0	0	476	4101
>MA0600.1 RFX2
373	62	192	431	34	1	1567	164	581	193	214	2095	2312	0	760	588	406	585	620
141	184	736	317	1936	2162	432	222	0	5	1932	8	0	2294	784	403	831	630	668
1716	317	64	910	121	7	41	94	1765	2146	0	170	28	0	539	1178	733	761	678
116	1783	1354	688	255	176	306	1866	0	2	200	73	6	52	263	177	376	370	380
>MA0113.2 NR3C1
248	70	207	401	0	385	152	234	249	108	0	47	120	0	60
0	0	94	0	465	0	136	71	107	0	0	8	162	407	150
150	370	109	36	0	14	177	81	109	19	465	0	0	0	0
67	25	55	28	0	66	0	79	0	338	0	410	183	58	255
