>MA0004.1 Arnt
4	19	0	0	0	0
16	0	20	0	0	0
0	1	0	20	0	20
0	0	0	0	20	0
>MA0006.1 Arnt::Ahr
3	0	0	0	0	0
8	0	23	0	0	0
2	23	0	23	0	24
11	1	1	1	24	0
>MA0009.1 T
2	1	40	0	0	0	0	0	1	40	31
28	1	0	0	0	0	0	2	7	0	5
8	0	0	40	40	0	40	0	28	0	0
2	38	0	0	0	40	0	38	4	0	4
>MA0017.1 NR2F1
0	1	12	6	0	0	0	1	2	6	6	1	3	0
0	0	0	7	13	3	2	0	0	4	5	10	6	3
2	12	1	0	0	0	0	0	11	3	1	1	0	3
11	0	0	0	0	10	11	12	0	0	1	1	4	7
>MA0019.1 Ddit3::Cebpa
14	11	18	0	0	4	38	36	0	14	4	0
7	7	3	1	0	33	1	2	6	17	23	26
12	14	15	0	38	0	0	1	0	5	9	6
6	7	3	38	1	2	0	0	33	3	3	7
>MA0025.1 NFIL3
1	0	22	0	2	0	23	22	0	7	5
0	0	0	8	0	0	0	0	11	5	5
0	2	0	0	21	0	0	1	4	7	3
22	21	1	15	0	23	0	0	8	4	10
>MA0027.1 En1
4	5	3	0	4	3	3	2	1	1	1
1	2	0	0	0	0	0	1	3	4	6
2	2	7	2	3	7	0	4	3	1	1
3	1	0	8	3	0	7	3	3	4	2
>MA0028.1 ELK1
7	10	9	5	2	0	1	27	21	13
7	6	4	19	24	0	0	0	5	0
10	6	10	1	1	24	27	1	0	14
4	6	5	3	1	4	0	0	2	1
>MA0029.1 Mecom
14	20	0	27	1	27	26	0	27	0	24	23	6	15
2	1	1	0	10	0	0	0	0	3	1	0	7	6
6	2	25	0	0	0	1	27	0	0	0	4	7	3
5	4	1	0	16	0	0	0	0	24	2	0	7	3
>MA0030.1 FOXF2
1	10	17	13	3	7	0	27	27	27	0	27	16	7
10	7	4	5	11	0	0	0	0	0	25	0	4	4
7	5	2	5	8	20	0	0	0	0	0	0	2	6
9	5	4	5	0	0	27	0	0	0	2	0	5	10
>MA0031.1 FOXD1
1	0	19	20	18	1	20	7
1	0	1	0	1	18	0	2
17	0	0	0	1	0	0	3
1	20	0	0	0	1	0	8
>MA0032.1 FOXC1
4	2	4	6	7	0	0	16
4	5	4	4	3	0	0	0
5	6	3	5	2	16	0	0
3	3	5	1	4	0	16	0
>MA0033.1 FOXL1
7	10	6	13	4	21	0	22
1	4	3	4	10	0	2	1
4	2	6	4	2	2	0	0
11	7	8	2	7	0	21	0
>MA0038.1 Gfi1
9	28	53	53	1	1	31	8	19	7
20	16	0	0	0	52	7	28	11	13
9	7	0	0	1	0	2	11	2	28
15	2	0	0	51	0	13	6	21	5
>MA0040.1 Foxq1
4	13	5	3	0	0	0	0	17	0	6
4	1	2	0	0	0	0	0	0	1	0
3	3	0	0	18	0	0	0	1	4	3
7	1	11	15	0	18	18	18	0	13	9
>MA0041.1 Foxd3
11	30	24	1	12	0	1	5	14	6	1	0
3	2	1	4	0	0	0	0	0	7	2	12
26	0	0	0	34	0	0	10	21	0	4	0
7	15	22	42	1	47	46	32	12	34	40	35
>MA0042.1 FOXI1
6	4	11	0	13	0	0	0	15	0	8	2
1	8	4	0	0	0	0	0	0	0	1	1
14	12	8	0	18	0	0	0	16	7	4	4
10	7	8	31	0	31	31	31	0	24	18	24
>MA0043.1 HLF
1	6	1	0	13	0	6	0	13	15	2	5
4	0	0	0	1	15	0	9	4	0	3	5
8	12	0	3	2	1	12	0	1	1	1	3
5	0	17	15	2	2	0	9	0	2	12	5
>MA0046.1 HNF1A
5	1	1	1	20	16	1	8	14	2	0	13	8	5
0	0	0	0	0	2	0	2	0	0	4	1	8	13
14	20	0	0	0	1	0	4	1	0	0	3	3	0
2	0	20	20	1	2	20	7	6	19	17	4	2	3
>MA0048.1 NHLH1
13	13	3	1	54	1	1	1	0	3	2	5
13	39	5	53	0	1	50	1	0	37	0	17
17	2	37	0	0	52	3	0	53	8	37	12
11	0	9	0	0	0	0	52	1	6	15	20
>MA0051.1 IRF2
0	2	12	11	12	2	0	0	12	12	12	0	0	5	6	6	5	3
4	0	0	0	0	0	6	0	0	0	0	6	7	2	0	1	2	6
7	10	0	0	0	10	0	12	0	0	0	6	2	3	2	1	1	1
1	0	0	1	0	0	6	0	0	0	0	0	3	2	4	4	4	2
>MA0056.1 MZF1_1-4
3	0	2	0	0	18
5	0	0	0	0	0
4	19	18	19	20	2
8	1	0	1	0	0
>MA0057.1 MZF1_5-13
1	2	15	0	0	0	0	3	10	8
4	0	1	0	0	2	0	1	0	2
7	7	0	11	15	14	14	8	4	4
4	7	0	5	1	0	2	4	2	2
>MA0059.1 MYC::MAX
7	15	2	1	21	0	1	0	0	1	3
1	1	9	20	0	20	0	1	0	1	5
9	4	9	0	0	0	20	0	21	18	0
4	1	1	0	0	1	0	20	0	1	13
>MA0063.1 Nkx2-5
7	0	17	17	0	4	2
0	4	0	0	0	2	1
1	0	0	0	7	0	11
9	13	0	0	10	11	3
>MA0066.1 PPARG
3	3	19	0	1	0	2	26	5	5	4	1	2	22	1	0	3	22	5	7
8	0	0	1	0	1	23	1	15	7	2	0	5	5	27	25	12	5	12	0
14	0	9	27	26	4	3	0	4	10	18	2	20	0	0	0	0	0	6	1
3	25	0	0	1	23	0	1	4	6	4	25	1	1	0	3	13	1	5	20
>MA0067.1 Pax2
10	7	3	0	26	2	2	1
7	1	2	28	1	17	0	11
5	21	0	1	3	1	19	11
9	2	26	2	1	11	10	8
>MA0068.1 Pax4
7	20	16	11	13	11	6	9	5	5	6	7	8	6	10	4	3	7	4	9	5	5	7	6	3	7	3	1	6	3
2	0	2	1	1	3	1	1	3	11	11	7	7	5	5	8	6	8	9	6	7	6	11	9	12	9	12	11	11	13
11	1	1	1	3	1	2	1	6	1	4	5	2	1	4	4	4	3	3	2	5	2	0	1	2	2	2	3	1	2
1	0	2	8	4	6	12	10	7	4	0	2	4	9	2	5	8	3	5	4	4	8	3	5	4	3	4	6	3	3
>MA0069.1 Pax6
2	2	4	39	3	1	1	21	1	2	36	11	1	1
4	2	26	2	34	0	37	2	4	14	0	11	5	0
4	0	1	1	1	41	4	2	1	25	6	13	3	17
33	39	12	1	5	1	1	18	37	2	1	8	34	25
>MA0070.1 PBX1
5	3	16	1	0	17	17	0	0	16	12	8
6	9	1	1	18	1	0	0	18	1	0	2
2	3	1	0	0	0	0	1	0	0	1	2
5	3	0	16	0	0	1	17	0	1	5	6
>MA0071.1 RORA_1
15	9	6	11	21	0	0	0	0	25
1	1	12	2	0	0	0	0	25	0
2	0	4	5	4	25	25	0	0	0
7	15	3	7	0	0	0	25	0	0
>MA0072.1 RORA_2
9	17	15	35	23	2	0	28	0	0	0	0	36	15
8	2	0	1	0	12	0	0	0	0	0	36	0	6
8	7	3	0	0	13	0	8	36	36	0	0	0	10
11	10	18	0	13	9	36	0	0	0	36	0	0	5
>MA0073.1 RREB1
3	1	3	0	7	9	8	4	0	11	4	1	3	4	2	4	4	4	1	4
8	10	8	11	4	2	3	6	11	0	7	10	8	6	9	5	5	6	7	4
0	0	0	0	0	0	0	0	0	0	0	0	0	1	0	0	1	0	3	2
0	0	0	0	0	0	0	1	0	0	0	0	0	0	0	2	1	1	0	1
>MA0074.1 RXRA::VDR
3	0	0	0	0	9	4	2	2	5	0	0	1	0	7
0	0	0	0	9	0	2	4	0	0	0	0	0	9	1
7	10	9	0	0	1	0	2	8	5	10	0	0	0	2
0	0	1	10	1	0	4	2	0	0	0	10	9	1	0
>MA0075.1 Prrx2
52	59	0	0	58
2	0	0	0	0
4	0	1	0	1
1	0	58	59	0
>MA0077.1 SOX9
3	8	71	2	7	2	13	9	14
55	38	1	1	0	2	0	7	31
9	6	0	2	4	72	4	6	7
9	24	4	71	65	0	59	54	24
>MA0078.1 Sox17
7	8	3	30	0	0	0	0	0
9	8	18	0	1	0	0	0	17
6	4	1	0	0	0	31	2	10
9	11	9	1	30	31	0	29	4
>MA0081.1 SPIB
31	4	24	2	1	48	47
0	14	16	0	0	0	0
0	29	7	47	47	0	0
18	2	2	0	1	1	2
>MA0084.1 SRY
5	8	15	18	25	0	28	27	7
5	3	0	3	0	26	0	0	0
10	4	3	3	0	0	0	1	2
8	13	10	4	3	2	0	0	19
>MA0087.1 Sox5
23	0	0	1	0	1	8
0	0	0	0	1	1	3
0	1	0	22	0	0	4
0	22	23	0	22	21	8
>MA0088.1 znf143
0	6	2	0	2	1	0	0	9	0	4	6	0	0	0	4	3	2	1	3
3	2	3	3	1	7	10	10	1	1	4	2	0	1	10	5	1	3	1	6
4	1	1	2	0	0	0	0	0	4	2	2	1	6	0	0	1	0	7	1
3	1	4	5	7	2	0	0	0	5	0	0	9	3	0	1	5	5	1	0
>MA0089.1 NFE2L1::MafG
7	29	0	1	34	0
11	2	0	0	0	26
10	3	0	32	0	2
6	0	34	1	0	6
>MA0090.1 TEAD1
1	9	0	12	0	0	0	0	5	1	2	0
6	0	12	0	0	0	12	11	0	7	4	2
1	3	0	0	0	0	0	0	0	4	3	8
4	0	0	0	12	12	0	1	7	0	3	2
>MA0091.1 TAL1::TCF3
13	9	39	20	0	44	0	12	0	0	0	4
14	10	0	24	43	0	1	32	0	0	3	4
8	20	3	0	1	0	11	0	0	43	20	2
9	5	2	0	0	0	32	0	44	1	21	34
>MA0092.1 Hand1::Tcfe2a
4	10	2	0	0	0	0	9	16	5
8	0	2	28	0	0	3	14	0	4
10	15	1	0	0	29	25	1	3	4
7	4	24	1	29	0	1	5	10	16
>MA0101.1 REL
0	0	1	5	6	5	1	2	0	1
5	1	0	1	5	1	0	0	15	16
8	15	15	9	3	1	0	0	0	0
4	1	1	2	3	10	16	15	2	0
>MA0107.1 RELA
0	0	0	11	10	2	0	0	0	0
4	0	0	0	3	0	0	2	18	18
11	17	18	7	4	0	0	0	0	0
3	1	0	0	1	16	18	16	0	0
>MA0108.2 TBP
61	16	352	3	354	268	360	222	155	56	83	82	82	68	77
145	46	0	10	0	0	3	2	44	135	147	127	118	107	101
152	18	2	2	5	0	20	44	157	150	128	128	128	139	140
31	309	35	374	30	121	6	121	33	48	31	52	61	75	71
>MA0109.1 Hltf
16	20	26	0	25	0	24	0	15	12
10	12	33	59	0	0	5	0	14	12
12	5	0	0	0	0	12	22	14	10
13	16	0	0	34	59	18	37	8	15
>MA0111.1 Spz1
9	0	2	0	1	8	6	1	10	0	2
0	2	0	0	0	0	0	9	0	1	8
3	9	10	11	1	0	2	2	2	9	2
0	1	0	1	10	4	4	0	0	2	0
>MA0115.1 NR1H2::RXRA
17	17	20	0	0	0	0	25	24	25	0	0	0	0	25	20	0
5	1	0	0	0	0	25	0	0	0	0	0	0	25	0	1	15
0	5	5	25	24	0	0	0	0	0	25	25	0	0	0	2	6
3	2	0	0	1	25	0	0	1	0	0	0	25	0	0	2	4
>MA0116.1 Zfp423
7	0	16	17	0	0	1	24	13	0	0	0	0	0	11
4	16	17	16	33	33	17	0	0	0	0	0	0	8	22
22	17	0	0	0	0	0	0	16	33	33	17	16	16	0
0	0	0	0	0	0	15	9	4	0	0	16	17	9	0
>MA0117.1 Mafb
0	1	0	1	12	3	3	2
0	12	3	0	2	8	1	5
15	1	1	12	0	1	7	5
0	1	11	2	1	3	4	3
>MA0119.1 TLX1::NFIC
0	0	0	0	14	2	2	7	4	0	0	0	16	14
0	0	0	16	1	8	8	1	3	0	16	16	0	0
0	16	16	0	0	5	4	5	2	16	0	0	0	1
16	0	0	0	1	1	2	3	7	0	0	0	0	1
>MA0122.1 Nkx3-2
4	1	13	24	0	0	6	4	9
7	4	1	0	0	0	0	6	7
4	5	7	0	24	0	18	12	5
9	14	3	0	0	24	0	2	3
>MA0124.1 NKX3-1
13	0	20	0	1	1	19
1	1	0	19	0	0	0
3	0	0	0	0	0	1
3	19	0	1	19	19	0
>MA0125.1 Nobox
0	36	38	1	2	15	4	2
1	0	0	1	0	0	12	13
0	0	0	2	4	22	18	6
37	2	0	34	32	1	4	17
>MA0130.1 ZNF354C
7	3	0	0	16	0
6	2	16	16	0	15
3	0	0	0	0	1
0	11	0	0	0	0
>MA0131.1 HINFP
2	13	20	2	0	0	0	0	0	2
6	1	0	17	0	1	19	18	0	13
5	0	0	1	19	0	0	2	19	1
7	6	0	0	1	19	1	0	1	4
>MA0132.1 Pdx1
1	0	31	31	0	1
19	0	0	0	0	1
5	0	0	0	1	10
6	31	0	0	30	19
>MA0133.1 BRCA1
15	4	41	36	7	19	3
11	35	1	2	29	14	22
10	2	1	4	6	7	15
7	2	0	1	1	3	3
>MA0135.1 Lhx3
9	16	19	0	0	19	20	2	0	16	9	2	2
0	2	0	0	0	0	0	2	1	1	0	8	9
3	2	0	0	0	0	0	0	0	0	3	0	3
8	0	1	20	20	1	0	16	19	3	8	10	6
>MA0136.1 ELF5
12	29	2	14	0	0	0	4	4
9	3	20	0	1	44	44	3	8
3	7	5	1	0	0	0	11	11
20	5	17	29	43	0	0	26	21
>MA0139.1 CTCF
87	167	281	56	8	744	40	107	851	5	333	54	12	56	104	372	82	117	402
291	145	49	800	903	13	528	433	11	0	3	12	0	8	733	13	482	322	181
76	414	449	21	0	65	334	48	32	903	566	504	890	775	5	507	307	73	266
459	187	134	36	2	91	11	324	18	3	9	341	8	71	67	17	37	396	59
>MA0142.1 Pou5f1::Sox2
63	579	11	47	118	415	206	1235	17	10	14	1050	887	1200	198
846	58	50	12	363	18	365	30	5	16	1029	16	68	33	119
66	28	36	79	825	29	186	24	15	1239	129	30	315	75	207
389	701	1270	1231	63	907	612	80	1332	104	196	269	92	53	837
>MA0149.1 EWSR1-FLI1
0	2	104	104	1	2	103	102	0	0	99	105	0	0	100	102	5	3
0	0	0	0	0	0	0	0	0	2	4	0	0	2	3	0	0	3
105	103	1	1	104	102	2	3	104	103	2	0	105	103	0	2	97	97
0	0	0	0	0	1	0	0	1	0	0	0	0	0	2	1	3	2
>MA0062.2 GABPA
32	70	0	0	991	989	94	56	154	264	233
768	914	0	0	1	2	32	261	137	262	357
188	4	990	991	1	0	866	37	603	415	224
1	1	1	0	0	2	0	637	96	49	176
>MA0039.2 Klf4
1468	88	14	14	277	22	42	264	123	254
81	9	13	36	1922	15	80	46	130	2858
1022	4237	4304	4281	11	4273	2179	3902	3789	280
1765	6	13	16	2139	34	2042	125	289	932
>MA0138.2 REST
211	58	76	1452	34	122	1575	3	35	913	219	39	20	1406	13	1574	42	205	366	213	179
174	269	1366	30	44	978	7	1586	1481	201	375	7	5	112	1280	9	13	1007	31	933	1114
366	146	50	94	1516	323	12	12	20	162	124	1551	1577	34	233	7	1530	183	688	319	37
840	1124	105	26	10	182	12	5	70	329	886	7	2	51	74	10	9	198	507	125	260
>MA0002.2 RUNX1
287	234	123	57	0	87	0	17	10	131	500
496	485	1072	0	75	127	0	42	400	463	158
696	467	149	7	1872	70	1987	1848	251	81	289
521	814	656	1936	53	1716	13	93	1339	1325	1053
>MA0047.2 Foxa2
1	221	1	1	1	736	2	338	50	417	131	129
1	3	1	3	1	4	725	77	265	6	53	195
1	582	1	36	175	67	2	3	58	24	482	290
805	3	806	769	634	3	81	391	436	360	140	189
>MA0112.2 ESR1
122	107	64	83	134	308	36	19	33	4	398	58	63	64	32	21	305	10	59	26
120	80	173	229	232	28	8	18	41	394	13	250	276	258	19	22	106	436	353	165
154	164	149	65	47	89	387	420	91	53	27	107	53	97	8	426	31	12	2	22
71	117	82	93	57	48	43	18	310	24	37	60	83	56	416	6	33	17	61	262
>MA0065.2 PPARG::RXRA
94	101	390	100	139	145	71	819	522	713	82	41	22	54	676
317	166	23	3	15	129	547	21	48	5	2	9	99	555	58
320	127	368	671	674	395	179	15	270	137	767	693	263	144	47
126	464	79	87	34	193	66	8	23	9	12	120	479	109	81
>MA0151.1 ARID3A
27	0	1	27	27	20
0	0	9	0	0	0
0	0	0	0	0	1
0	27	17	0	0	6
>MA0152.1 NFATC2
3	1	1	0	1	0	18
1	2	1	0	25	26	3
2	2	0	0	0	0	1
20	21	24	26	0	0	4
>MA0153.1 HNF1B
0	0	8	7	0	5	3	0	0	8	9	0
3	3	1	1	0	0	0	0	0	0	0	8
0	0	0	1	0	4	1	1	0	1	0	0
6	6	0	0	9	0	5	8	9	0	0	1
>MA0155.1 INSM1
1	0	0	6	16	0	0	0	0	0	3	10
0	0	8	15	0	0	1	0	0	2	16	0
4	20	3	0	0	24	23	24	24	16	0	12
19	4	13	3	8	0	0	0	0	6	5	2
>MA0156.1 FEV
2	9	0	0	13	12	7	0
9	3	0	0	0	0	0	0
1	1	13	13	0	0	6	0
1	0	0	0	0	1	0	13
>MA0157.1 FOXO3
0	1	3	13	12	13	0	12
0	2	0	0	1	0	12	0
5	10	1	0	0	0	0	0
8	0	9	0	0	0	1	1
>MA0158.1 HOXA5
2	7	0	6	14	14	0	0
13	0	7	0	0	0	0	1
0	5	5	1	0	2	0	6
0	4	4	9	2	0	16	9
>MA0159.1 RXR::RAR_DR5
12	0	1	0	0	22	4	5	5	13	5	17	1	0	2	1	21
0	0	0	0	18	0	7	8	4	1	6	3	1	1	1	17	0
11	23	13	1	3	1	5	9	11	7	12	3	20	16	3	3	1
0	0	9	22	2	0	7	1	3	2	0	0	1	6	17	2	1
>MA0160.1 NR4A2
8	13	0	3	2	0	14	3
1	0	0	0	2	13	0	8
3	1	13	11	0	0	0	2
1	0	1	0	10	1	0	0
>MA0161.1 NFIC
358	81	81	91	1226	3298
1832	67	67	88	5364	981
176	300	6713	6643	160	1186
4546	6464	51	90	162	1447
>MA0163.1 PLAG1
0	3	0	0	0	0	4	12	11	2	0	0	0	2
0	0	0	0	14	15	10	0	5	0	0	0	0	0
18	14	18	17	4	1	1	0	2	14	18	18	16	16
0	1	0	1	0	2	3	6	0	2	0	0	2	0
>MA0164.1 Nr2e3
4	23	23	0	0	0	0
12	0	0	1	23	0	0
2	0	0	22	0	0	0
5	0	0	0	0	23	23
>MA0018.2 CREB1
0	0	11	0	1	0	2	8
1	1	0	9	0	3	7	0
1	10	0	2	10	0	1	1
9	0	0	0	0	8	1	2
>MA0099.2 JUN::FOS
0	0	16	5	3	0	16
1	0	2	12	0	15	0
0	15	0	1	1	3	1
17	3	0	0	14	0	1
>MA0259.1 HIF1A::ARNT
27	10	78	0	0	0	0	18
28	29	2	103	0	0	0	51
49	34	23	0	104	0	104	20
0	31	1	1	0	104	0	15
>MA0442.1 SOX10
0	8	0	0	0	0
19	2	1	0	3	0
0	2	4	0	19	1
3	10	17	22	0	21
>MA0141.2 Esrrb
1055	673	403	260	312	3347	3590	33	12	180	9	3478
801	832	1212	1230	2653	32	2	2	11	43	3394	21
984	1352	1212	449	630	248	60	3597	3622	243	167	128
773	767	807	1702	51	27	6	29	16	3192	85	26
>MA0145.2 Tcfcp2l1
8	285	2437	24	710	402	707	1462	2585	1612	16	253	2199	49
3768	3304	21	98	1380	1183	1630	922	286	212	3811	3324	30	118
255	22	1117	3949	103	253	616	1026	780	1263	223	12	1232	3881
40	465	507	12	1890	2246	1134	681	441	1003	34	491	612	17
>MA0146.2 Zfx
50	59	91	72	10	6	30	191	8	0	0	0	0	84
178	170	151	49	297	361	124	153	2	3	481	480	1	122
179	173	199	297	144	2	183	122	470	477	0	0	0	218
70	75	37	61	30	112	144	15	1	1	0	1	480	56
>MA0461.1 Atoh1
0	7714	0	4249	1557	0	0	0
7714	0	0	3465	0	0	0	4780
0	0	7714	0	0	7714	7714	0
0	0	0	0	6157	0	0	2934
>MA0462.1 BATF::JUN
3082	4782	4519	8258	0	0	10522	586	0	1291	10264
481	553	170	1478	0	0	0	5026	0	8590	0
5136	2889	2219	0	0	10374	0	4910	0	641	0
1823	2298	3614	786	10522	148	0	0	10522	0	258
>MA0463.1 Bcl6
191	35	5	30	0	0	446	142	941	642	615	101	189	369
171	22	80	876	819	0	86	0	0	101	7	92	494	188
245	28	30	24	0	0	404	814	11	175	213	630	116	166
349	871	841	26	137	956	20	0	4	38	121	133	157	233
>MA0464.1 Bhlhe40
1626	4869	0	15804	0	2875	0	0	3859	6629	2028
6868	524	15804	0	14493	1107	0	0	11919	4255	6293
6311	3146	0	0	0	11822	0	15804	26	345	3681
999	7265	0	0	1311	0	15804	0	0	4575	3802
>MA0465.1 CDX2
613	665	308	0	697	1597	0	1597	1597	1597	1013
319	8	136	1048	832	0	0	0	0	0	150
480	502	1153	0	0	0	0	0	0	0	313
185	422	0	549	68	0	1597	0	0	0	121
>MA0466.1 CEBPB
13006	75198	0	0	4556	0	74715	8654	60151	99494	0
10026	5868	0	0	0	99494	5478	51954	39343	0	36038
33617	18428	0	0	75531	0	10015	0	0	0	2043
42845	0	99494	99494	19407	0	9286	38886	0	0	61413
>MA0467.1 Crx
1207	1454	347	943	515	0	1632	0	0	1995	544
297	43	55	222	0	0	465	0	29	0	52
458	417	1470	823	1574	2097	0	0	0	0	1326
135	183	225	109	8	0	0	2097	2068	102	175
>MA0468.1 DUX4
7297	37001	38217	5228	0	0	35278	38217	0	0	33798
2495	0	0	11675	16478	13951	2889	0	0	37408	0
979	1216	0	2002	4981	6127	0	0	0	0	0
27446	0	0	19312	16758	18139	50	0	38217	809	4419
>MA0469.1 E2F3
0	0	0	0	0	0	0	0	365	275	196	811	109	441	305
1400	0	2549	2469	2549	0	2549	1703	1327	903	1495	329	1075	640	718
0	0	0	80	0	2240	0	607	397	742	556	512	582	200	644
1149	2549	0	0	0	309	0	239	460	629	302	274	160	645	259
>MA0470.1 E2F4
272	155	0	0	0	27	15	1803	1253	712	503
370	510	11	1878	0	218	41	0	0	349	393
848	1213	1867	0	1878	1633	1822	75	625	720	616
388	0	0	0	0	0	0	0	0	97	366
>MA0471.1 E2F6
812	442	0	672	7	0	20	2757	1686	988	771
80	406	0	1954	0	0	29	0	0	454	706
1406	1909	2757	0	2750	2757	2708	0	1071	1135	909
459	0	0	131	0	0	0	0	0	180	371
>MA0472.1 EGR2
169	337	168	387	26	448	0	152	0	1059	0	460	0	558	127
572	460	572	722	1186	0	1246	1094	1169	187	1246	0	1041	302	617
291	180	216	65	0	602	0	0	0	0	0	579	114	199	251
214	269	290	72	34	196	0	0	77	0	0	207	91	187	251
>MA0473.1 ELF1
4134	6990	7978	4086	924	8929	0	0	13518	13518	1183	1571	2634
2167	1502	1207	4589	10007	4589	0	0	0	0	0	2094	1735
5587	3563	2318	3111	2587	0	13518	13518	0	0	12335	179	8125
1630	1463	2015	1732	0	0	0	0	0	0	0	9674	1024
>MA0474.1 Erg
9430	1473	16007	0	0	16727	16580	3244	1570	4953	4558
231	10483	693	0	0	0	0	0	4038	1498	2474
5874	4736	27	16727	16727	0	0	13483	2146	8204	8042
1192	35	0	0	0	0	147	0	8973	2072	1653
>MA0475.1 FLI1
1830	295	2712	0	0	3667	3520	620	95	850	1014
205	2815	955	0	0	0	0	0	1001	300	462
1432	557	0	3667	3667	0	0	3047	300	2130	1875
200	0	0	0	0	0	147	0	2271	387	316
>MA0476.1 FOS
7879	7475	0	0	29396	998	0	0	29396	258	4006
712	10177	0	0	0	14079	0	29396	0	5823	8236
9686	10841	0	27108	0	11206	0	0	0	1538	7897
11119	903	29396	2288	0	3113	29396	0	0	21777	9257
>MA0477.1 FOSL1
1791	1568	0	0	5272	124	0	177	5272	37	1184
119	437	0	0	0	3120	0	5095	0	811	1684
2384	3109	0	5272	0	2028	0	0	0	1734	1875
978	158	5272	0	0	0	5272	0	0	2690	529
>MA0478.1 FOSL2
833	1525	2861	0	0	5075	0	0	205	5318	0
994	592	55	0	0	51	3286	0	5113	0	1399
2086	2707	2328	0	5318	192	1838	0	0	0	1933
1405	494	74	5318	0	0	194	5318	0	0	1986
>MA0479.1 FOXH1
939	1578	973	8211	7547	0	2374	1414	8211	0	7138
2840	2333	3261	0	0	0	5773	6797	0	8211	0
1490	2137	3156	0	229	0	0	0	0	0	0
2942	2163	821	0	435	8211	64	0	0	0	1073
>MA0480.1 Foxo1
468	127	87	0	0	0	0	0	1871	0	1072
277	1279	1406	0	0	0	0	0	157	2007	573
478	752	209	0	2490	0	0	287	0	0	71
1267	332	788	2490	0	2490	2490	2203	462	483	774
>MA0481.1 FOXP1
103	131	155	180	138	79	71	311	311	311	16	311	176	243	102
108	57	39	42	6	11	4	0	0	0	278	0	77	18	42
48	55	40	53	88	221	0	0	0	0	10	0	57	23	129
52	68	77	36	79	0	236	0	0	0	7	0	1	27	38
>MA0482.1 Gata4
10	0	0	0	2707	0	0	547	0	601	386
1039	2165	89	0	39	0	2746	0	1240	1004	929
374	306	0	0	0	0	0	0	940	157	682
1323	275	2657	2746	0	2746	0	2199	566	984	749
>MA0483.1 Gfi1b
1124	1761	1759	0	0	1033	61	1116	57	142	740
438	0	0	338	1761	21	1312	0	1	1328	433
104	0	2	28	0	0	388	1	1676	76	130
95	0	0	1395	0	707	0	644	27	215	458
>MA0484.1 HNF4G
3514	3259	4696	1103	1944	1511	0	9343	7889	8464	99	324	225	159	6785
1864	1531	102	201	713	2870	8827	55	82	0	6	143	4338	8377	794
2011	3830	3811	7480	3301	2279	221	54	1481	938	9098	3624	1107	85	556
2063	832	843	668	3494	2792	404	0	0	50	249	5361	3782	831	1317
>MA0485.1 Hoxc9
235	112	88	224	661	0	745	881	879	18	48	567	141
110	171	605	468	3	9	84	0	6	0	715	72	329
401	536	40	1	205	0	35	0	0	0	5	6	160
139	66	152	192	16	876	21	4	0	867	117	240	255
>MA0486.1 HSF1
25	8	3	1	4	128	0	187	186	44	39	13	8	0	6
82	26	11	222	71	7	0	24	6	63	62	16	5	218	88
56	12	8	2	6	89	225	3	15	73	67	9	4	2	18
62	179	203	0	144	1	0	11	18	45	57	187	208	5	113
>MA0488.1 JUN
8141	7116	6496	16526	0	0	20967	0	0	938	6904	20968	203
2792	2938	1903	729	0	0	0	3438	608	3531	14064	0	3704
4894	4985	9682	3713	0	20849	0	4512	20360	0	0	0	1016
5141	5929	2887	0	20968	119	1	13018	0	16499	0	0	16045
>MA0489.1 JUN (var.2)
4852	3927	3726	4396	4146	5930	0	0	10953	382	199	956	10956	376
1250	1324	1127	1122	593	993	0	0	0	5704	0	10000	0	2509
2818	4110	4330	3461	4213	4033	0	10956	0	4090	0	0	0	2645
2036	1595	1773	1977	2004	0	10956	0	3	780	10757	0	0	5426
>MA0490.1 JUNB
3605	5055	8384	0	0	16992	0	0	1256	16992	736
3366	1057	582	0	0	0	9859	0	15736	0	2962
5983	8427	8026	0	16992	0	6281	0	0	0	6117
4038	2453	0	16992	0	0	852	16992	0	0	7177
>MA0491.1 JUND
12389	15163	0	0	38710	0	0	1547	38710	0	5786
759	4824	0	0	0	22857	0	37163	0	5136	14956
13640	18723	0	38710	0	14078	0	0	0	2301	12429
11922	0	38710	0	0	1775	38710	0	0	31273	5539
>MA0492.1 JUND (var.2)
11448	13436	11261	13616	25347	0	0	33631	0	5124	0	8793	33631	267	10255
4326	3228	4836	2452	169	0	0	0	10406	1824	3935	24697	0	5470	10841
7996	8721	8110	15761	8115	0	33511	0	8287	26683	0	141	0	2407	6351
9861	8246	9424	1802	0	33631	120	0	14938	0	29696	0	0	25487	6184
>MA0493.1 Klf1
150	167	67	13	404	0	400	0	0	0	280
76	40	396	461	118	526	0	526	526	508	35
202	305	32	0	0	0	97	0	0	0	0
98	14	31	52	4	0	29	0	0	18	211
>MA0494.1 Nr1h3::Rxra
0	140	738	246	58	78	358	374	794	278	77	559	900	255	117	11	135	281	237
50	30	243	971	1080	313	318	257	0	19	0	77	177	962	1040	502	508	196	290
28	1089	137	0	3	128	343	336	321	903	4	440	192	20	0	42	196	333	439
1191	10	151	52	128	750	250	302	154	69	1188	193	0	32	112	714	430	459	303
>MA0495.1 MAFF
6531	13157	12632	14736	32728	8513	998	3238	53327	387	0	48740	20032	21358	18219	14137	10417	12741
12389	29577	10615	6027	4789	16391	322	50520	0	0	53701	381	7624	3349	4014	7157	11010	10791
26849	2157	2570	21695	5877	25722	313	0	0	47337	0	746	9364	2603	1898	3512	8426	9498
7989	8867	27941	11300	10364	3132	52125	0	431	6034	57	3891	16738	26448	29627	28952	23905	20728
>MA0496.1 MAFK
17128	15239	17367	34765	10333	0	2669	60790	0	0	57894	23471	27164	20865	17282
29664	13278	9271	4862	17432	261	58121	0	0	60742	430	9775	3962	5229	9289
4539	3886	21340	8031	29271	0	0	0	55539	48	0	9853	1268	1575	2699
9459	28387	12812	13132	3754	60529	0	0	5251	0	2466	17691	28396	33121	31520
>MA0497.1 MEF2C
705	733	431	382	0	1616	1706	2107	2131	2135	56	2177	389	975	1009
321	151	196	1412	985	256	32	0	0	0	62	0	120	836	450
676	573	822	78	0	74	241	87	2	4	0	32	1671	148	126
507	752	760	337	1224	263	230	15	76	70	2091	0	29	250	624
>MA0498.1 Meis1
1341	171	121	0	0	85	0	2458	261	334	175	1059	515	472	529
122	759	2411	0	0	50	2607	0	1115	537	1472	547	802	1007	736
499	1414	3	0	2607	0	0	0	1075	263	494	145	696	536	480
645	263	72	2607	0	2472	0	149	156	1473	466	856	594	592	862
>MA0499.1 Myod1
6862	4142	0	24353	0	0	0	0	9	16	5861	1913	4129
5589	6513	24514	0	6423	24514	0	0	9087	11010	7591	11622	7657
5003	11000	0	0	18072	0	0	24514	654	2905	5945	4319	4423
7060	2859	0	161	19	0	24514	0	14764	10583	5117	6660	8305
>MA0500.1 Myog
7838	11572	0	19356	0	67	0	0	2832	5343	4069
2870	331	19356	0	0	16261	0	0	8524	3764	4770
8648	7453	0	0	19356	3028	0	19356	5881	5168	7519
0	0	0	0	0	0	19356	0	2119	5081	2998
>MA0501.1 NFE2::MAF
726	0	0	1090	16	110	80	978	8	0	931	383	361	292	211
26	0	0	0	871	1	937	0	4	1063	17	203	100	102	283
334	0	1082	0	166	12	22	51	1041	22	73	283	130	91	106
4	1090	8	0	37	967	51	61	37	5	69	221	499	605	490
>MA0502.1 NFYB
2965	2816	2821	655	674	2832	3509	0	0	7020	7003	0	413	5454	725
1580	1759	1760	2228	2076	1091	139	7020	7020	0	0	0	4780	97	943
1984	1078	1176	1089	2707	2978	2921	0	0	0	17	0	1709	1457	5136
491	1367	1263	3048	1563	119	451	0	0	0	0	7020	118	12	216
>MA0503.1 Nkx2-5 (var.2)
1790	1282	344	0	2467	0	0	0	2858	2265	502
327	192	1777	3429	6	3429	0	3391	431	3	956
821	1467	1292	0	0	0	0	0	0	825	1795
491	488	16	0	956	0	3429	38	140	336	176
>MA0504.1 NR2C2
129	82	193	0	10	3	6	343	187	324	10	11	0	9	290
126	70	6	8	3	0	309	0	0	0	0	0	27	315	0
90	221	195	366	355	79	54	48	208	71	385	336	89	35	92
50	22	1	21	27	313	26	4	0	0	0	48	279	36	13
>MA0505.1 Nr5a2
645	985	276	122	71	8	1685	1679	39	0	169	0	1437	271	249
224	170	198	378	351	1616	14	0	0	0	584	1568	20	345	693
634	336	990	366	23	74	0	23	1663	1702	61	12	90	740	454
199	211	238	836	1257	4	3	0	0	0	888	122	155	346	306
>MA0506.1 NRF1
602	623	196	0	1514	0	0	0	0	74	2245
375	4001	189	4016	1862	403	0	4338	349	4550	804
3647	0	4239	468	935	528	4624	0	4275	0	1575
0	0	0	140	313	3693	0	286	0	0	0
>MA0507.1 POU2F2
415	530	605	2016	0	256	0	158	0	2257	0	1159	594
635	266	825	19	0	2	0	0	2271	30	2	39	361
402	593	415	1	0	0	0	1997	0	0	0	613	107
835	898	442	251	2287	2029	2287	132	16	0	2285	476	1225
>MA0508.1 PRDM1
1779	1649	3148	3486	4173	422	728	211	4603	4161	4497	159	117	1057	2042
471	298	345	439	0	0	110	0	0	0	0	142	458	498	778
1037	2331	688	442	430	4038	930	4392	0	430	39	4186	520	2239	973
1316	325	422	236	0	143	2835	0	0	12	67	116	3508	809	810
>MA0509.1 Rfx1
290	58	145	421	37	0	1254	138	604	186	287	1793	2082	0
157	222	833	433	1748	2048	402	115	0	0	1710	0	0	2138
1532	377	131	762	96	0	73	96	1534	1952	12	244	56	0
159	1481	1029	522	257	90	409	1789	0	0	129	101	0	0
>MA0510.1 RFX5
343	595	6	181	1189	0	1844	245	0	3057	3692	0	2084	956	871
1572	796	1870	3687	2171	832	1	0	2815	497	176	3868	782	361	1388
561	862	1283	0	61	0	2023	3514	408	314	0	0	0	2184	1239
1392	1615	709	0	447	3036	0	109	645	0	0	0	1002	367	370
>MA0511.1 RUNX2
99	165	151	121	124	75	9	0	15	0	0	0	42	258	126
133	119	79	172	155	392	4	1	3	0	0	132	190	8	126
443	444	426	477	245	133	11	1030	0	1062	1060	90	158	143	462
387	334	406	292	538	462	1038	31	1044	0	2	840	672	653	348
>MA0512.1 Rxra
278	4154	2623	4877	0	0	0	0	5348	1150	1640
4521	418	252	0	0	0	583	5348	0	1070	742
305	9	2473	471	5348	3882	643	0	0	2336	1569
244	767	0	0	0	1466	4122	0	0	792	1397
>MA0513.1 SMAD2::SMAD3::SMAD4
166	196	14	33	0	0	106	211	0	765	30	117	110
432	75	8	45	899	0	231	125	896	19	736	583	214
168	34	877	103	0	0	539	280	3	18	133	47	35
133	594	0	718	0	899	23	283	0	97	0	152	540
>MA0514.1 Sox3
0	0	262	0	0	0	0	0	19	42
1487	1552	0	0	0	144	0	698	853	654
330	0	0	0	0	1923	0	254	22	382
250	515	1805	2067	2067	0	2067	1115	1173	989
>MA0515.1 Sox6
4	0	161	0	0	0	0	0	4	14
139	221	0	0	0	0	0	115	112	76
50	0	0	0	0	249	0	5	0	31
56	28	88	249	249	0	249	129	133	128
>MA0516.1 SP2
160	39	52	0	0	174	0	0	0	206	115	187	226	228	203
253	811	1386	1679	1643	0	1686	1656	1108	1196	971	554	717	794	745
1028	257	1	7	0	1280	0	0	0	0	99	325	401	408	422
245	579	247	0	43	232	0	30	578	284	501	620	342	256	316
>MA0517.1 STAT2::STAT1
69	150	430	3	0	3	3	0	255	107	4	10	4	15	28
63	230	7	148	2	2	13	581	75	111	13	2	170	489	365
77	84	151	467	0	0	4	0	191	161	10	0	4	9	36
411	156	32	2	618	615	600	39	99	241	593	608	442	107	191
>MA0518.1 Stat4
211	12	26	632	307	1450	733	45	2873	2873	1573	486	632	889
1019	2	0	2229	1491	28	0	0	0	0	279	785	721	443
484	0	529	12	72	1223	2134	2828	0	0	833	685	1028	1117
1159	2859	2318	0	1003	172	6	0	0	0	188	917	492	424
>MA0519.1 Stat5a::Stat5b
6172	2073	0	0	0	263	7044	11543	0	14888	14886
2326	3596	0	1600	16341	12795	6137	0	0	93	0
4425	2901	0	0	0	0	0	4140	16507	0	1621
3584	7937	16507	14907	166	3449	3326	824	0	1526	0
>MA0520.1 Stat6
257	665	152	0	13	122	70	664	328	1153	26	1852	1849	621	345
663	328	566	0	0	1680	1204	21	534	3	0	0	0	540	490
482	372	436	0	0	0	0	219	898	416	1796	0	3	398	235
450	487	698	1852	1839	50	578	948	92	280	30	0	0	293	782
>MA0521.1 Tcf12
6170	8820	0	12895	8	184	0	0	1875	3912	2863
1585	124	12895	0	0	10822	0	0	5527	2416	3005
5123	3951	0	0	12887	1889	0	12895	3811	2925	4836
17	0	0	0	0	0	12895	0	1682	3642	2191
>MA0522.1 Tcf3
2717	8100	0	17261	0	0	0	0	0	6957	2351
8489	6433	17261	0	4101	16850	0	0	12529	4204	4115
4689	1756	0	0	12403	411	0	17261	3397	96	6625
1366	972	0	0	757	0	17261	0	1335	6004	4170
>MA0523.1 TCF7L2
1525	1808	3070	85	2795	138	155	4188	4103	4169	303	1035	1398	1782
756	840	136	1947	26	0	3304	0	15	0	37	849	1123	826
1140	1153	559	2008	0	0	729	0	70	19	3848	2008	1210	757
767	387	423	148	1367	4050	0	0	0	0	0	296	457	823
>MA0524.1 TFAP2C
4801	6477	2550	4918	421	0	0	0	1082	16442	191	0	285	4343	8905
6752	4693	4943	2009	6040	18426	14817	9317	14790	0	0	0	7908	9235	3259
2123	3347	2643	6098	11033	0	0	1237	1768	1195	18235	18426	10222	1788	2536
4750	3909	8290	5401	932	0	3609	7872	786	789	0	0	11	3060	3726
>MA0525.1 TP63
3613	2402	4027	19	6536	2926	82	896	2058	437	5045	2812	4726	0	5101	953	225	528	2379	1446
1752	1337	544	9153	1640	255	0	4400	4119	7000	2050	989	198	9632	1856	817	0	5454	4089	3775
2372	3599	3802	102	616	1263	9550	74	998	1417	208	4555	3530	0	66	695	9394	213	408	1621
1895	2294	1259	358	840	5188	0	4262	2457	778	2329	1276	1178	0	2609	7167	13	3437	2756	2790
>MA0526.1 USF2
3976	1495	0	13819	0	0	0	0	10453	0	2184
2073	4490	13819	0	4863	0	0	0	745	9929	6633
7125	1909	0	0	1370	13819	0	13819	2568	729	455
645	5925	0	0	7586	0	13819	0	53	3161	4547
>MA0527.1 ZBTB33
82	6	28	10	0	35	2	0	461	8	416	85	19	79	90
256	66	659	89	705	0	668	0	80	57	94	232	328	145	233
146	32	11	5	0	667	0	705	118	450	141	136	43	109	266
221	601	7	601	0	3	35	0	46	190	54	252	315	372	116
>MA0528.1 ZNF263
2366	4596	11118	453	1011	13919	1569	1552	8113	5132	3096	6598	4175	4106	7943	3823	3132	8305	5226	4067	7264
293	0	0	0	1738	551	844	1427	968	1543	1069	590	620	1618	950	1	0	0	219	650	907
11078	10639	2802	13819	12444	43	11252	11451	5513	7042	9471	6730	8903	9042	4780	9659	11444	5892	8923	9819	6141
1498	0	1315	963	42	722	1570	805	641	1518	1599	1317	1537	469	1562	1752	659	1038	867	699	923
>MA0007.2 AR
6277	6497	0	6462	11206	26	10426	1478	4353	3312	3241	0	2214	2656	1599
1112	0	0	1304	0	11115	0	2976	2096	3249	142	525	1262	2434	7032
3049	4709	11206	1254	0	65	107	4023	2151	3291	305	10681	671	2460	298
768	0	0	2186	0	0	673	2729	2606	1354	7518	0	7059	3656	2277
>MA0102.3 CEBPA
10351	0	0	705	0	11956	2660	12226	15318	0	5804
1332	0	0	0	15318	1274	7654	3092	0	5688	4963
3635	0	0	11304	0	1066	0	0	0	1804	890
0	15318	15318	3309	0	1022	5004	0	0	7826	3661
>MA0024.2 E2F1
259	218	144	0	0	0	0	0	1059	508	305
317	0	274	0	1059	0	337	286	0	0	269
280	628	641	1059	0	1059	722	773	0	551	485
203	213	0	0	0	0	0	0	0	0	0
>MA0154.2 EBF1
4513	0	0	886	0	9191	21366	1085	8427	0	22124
7097	10267	33855	22776	33781	22317	0	0	0	0	2891
12581	2643	0	0	0	0	0	32770	25294	33855	7215
9664	20945	0	10193	74	2347	12489	0	134	0	1625
>MA0162.2 EGR1
1098	1506	1160	1335	233	2911	0	0	0	3652	0	2368	0	3026
5728	6847	6049	10431	11574	0	12256	11852	10154	8361	11952	0	9849	5595
3083	1359	2250	0	0	6840	0	0	611	0	0	6599	1420	1913
2347	2544	2797	490	449	2505	0	404	1491	243	304	3289	987	1722
>MA0076.2 ELK4
298	391	2034	0	8	0	0	0	0	0	290
1458	1905	145	2688	0	0	3427	3427	0	501	1253
886	570	1038	16	0	0	0	0	2915	2843	668
785	561	210	723	3419	3427	0	0	512	83	1216
>MA0258.2 ESR2
5410	429	59	74	0	8098	502	2092	1808	1602	1121	3278	434	1111	834
96	0	0	147	7621	1	4202	3235	2510	975	398	2056	6469	5854	2708
2563	7170	8143	989	533	57	2738	1688	2173	533	6658	1391	363	0	606
174	644	41	7033	89	87	801	1228	1752	5133	66	1518	977	1278	4095
>MA0098.2 Ets1
431	145	263	1179	0	329	0	0	0	0	0	65	146	306	265
668	1160	993	117	1507	0	0	1868	1868	0	329	579	678	542	629
420	244	187	451	4	0	0	0	0	156	1422	62	437	309	472
349	319	425	121	357	1539	1868	0	0	1712	117	1162	607	711	502
>MA0148.3 FOXA1
4328	4659	3062	7135	70	5883	0	0	0	18252	0	9193	827	10702	4807
4827	6851	8558	4317	0	0	0	0	0	0	20556	2655	7296	1	2603
4124	4731	5314	3641	12	16125	0	1292	2859	3756	0	0	1392	63	9415
8729	5767	5074	6915	21926	0	22008	20716	19149	0	1452	10160	12493	11242	5183
>MA0035.3 Gata1
2035	506	0	0	0	17955	0	0	2166	2502	1886
4321	6406	14869	697	0	0	0	17955	0	6166	5072
2530	2792	437	0	0	0	0	0	0	6687	1598
9069	8251	2649	17258	17955	0	17955	0	15789	2600	9399
>MA0036.2 GATA2
1569	1125	1555	1051	32	9	0	51	4380	0	0	1225	104	1256
567	768	729	525	1057	3015	192	0	0	0	4380	0	1765	1185
754	1709	1220	427	765	914	0	0	0	0	0	0	1967	224
1490	778	876	2377	2526	442	4188	4329	0	4380	0	3155	544	1715
>MA0037.2 GATA3
4628	0	4628	0	4628	4628	1290	2796
0	0	0	0	0	0	0	712
0	4628	0	0	0	0	3338	1120
0	0	0	4628	0	0	0	0
>MA0114.2 HNF4A
2766	1731	837	6075	11026	117	26	178	0	864	5270	6119	1156	1870	2070
5971	720	51	1846	4425	16535	1630	2637	173	35	3745	5653	13491	6498	6450
3974	907	15810	8370	329	67	0	367	407	15741	5340	1662	352	415	3001
4057	13410	70	477	988	49	15112	13586	16188	128	2413	3334	1769	7985	5247
>MA0050.2 IRF1
316	251	173	138	735	24	12	0	0	0	913	20	16	7	11	17	513	218	145	198	166
320	284	324	430	101	792	0	31	56	1249	39	787	1	14	58	1023	245	464	186	193	331
266	251	212	148	361	506	0	0	4	0	238	345	0	5	0	28	263	291	114	99	151
460	576	653	646	165	40	1350	1331	1302	113	172	210	1345	1336	1293	294	341	389	917	872	714
>MA0058.2 MAX
12557	13557	5014	0	24565	0	19618	0	0	122
741	1112	3587	24565	0	24565	0	0	0	2889
8243	6781	12571	0	0	0	4947	0	24565	14194
3024	3115	3393	0	0	0	0	24565	0	7360
>MA0052.2 MEF2A
481	169	116	0	1272	1008	1383	1352	1390	6	1472	231	587	530	345
148	149	1179	473	68	0	0	5	0	0	0	49	632	409	449
379	625	32	0	14	119	39	0	0	0	0	1160	112	110	203
465	530	146	1000	119	346	51	116	83	1467	1	33	142	424	476
>MA0100.2 Myb
89	227	979	910	0	53	0	150	30	725
374	452	0	0	979	0	0	416	949	8
190	0	0	69	0	0	979	9	0	0
326	300	0	0	0	926	0	404	0	246
>MA0147.2 Myc
1181	0	5335	0	0	0	0	49	848	82
3650	5335	0	2295	0	0	0	2297	1087	1877
504	0	0	0	5335	0	5335	2081	556	801
0	0	0	3040	0	5335	0	908	2844	2575
>MA0104.3 Mycn
528	0	0	1403	0	168	0	0
146	1135	1403	0	1403	0	0	0
566	268	0	0	0	1235	0	1403
163	0	0	0	0	0	1403	0
>MA0150.2 Nfe2l2
166	401	118	203	488	0	0	726	20	84	65	577	10	4	623
338	78	239	247	28	0	0	0	533	20	549	3	11	699	26
109	159	275	152	205	0	711	0	118	16	46	90	698	19	31
113	88	94	124	5	726	15	0	55	606	66	56	7	4	46
>MA0105.3 NFKB1
570	55	121	3141	2228	0	0	0	0	0	1580
319	0	0	224	1204	0	55	1526	4858	5026	2395
2682	5057	4902	1635	812	0	84	0	0	0	269
1541	0	89	112	868	5112	4973	3586	254	86	868
>MA0060.2 NFYA
4708	1187	3548	1203	1826	192	237	16	222	8555	5	10	29	12	377	460	1537	4261
1515	987	2256	2973	2344	834	7384	993	1018	2	52	5	10	70	2677	3943	4176	1136
983	4580	2168	3978	313	4788	481	242	7181	150	8	5	8720	8683	15	1873	2227	2707
1562	2014	796	614	4285	2954	666	7517	347	61	8703	8748	9	3	5699	2492	828	664
>MA0014.2 PAX5
261	315	308	245	0	39	766	152	9	174	542	537	0	3	317	153	225	587	152
228	59	30	148	169	736	21	163	538	419	8	17	215	751	17	41	6	33	667
333	222	546	336	455	0	83	533	35	294	344	185	679	17	540	155	659	222	25
74	300	12	167	272	121	26	48	314	9	2	157	2	125	22	547	6	54	52
>MA0080.3 Spi1
24957	27071	38966	42251	38682	12577	45356	4801	0	63665	63715	3436	8250	3893	21911
10470	7875	3311	3103	534	8120	3209	0	0	0	0	10145	3223	12038	12028
17557	22021	13786	12032	11483	43018	14683	58914	63715	50	0	50134	3385	45501	21003
10731	6748	7652	6329	13016	0	467	0	0	0	0	0	48857	2283	8773
>MA0143.3 Sox2
0	0	669	0	0	0	0	0
1476	1476	0	0	0	0	0	419
0	0	0	0	0	1476	0	297
0	0	807	1476	1476	0	1476	760
>MA0079.3 SP1
857	0	99	0	0	1359	0	0	0	1054	652
1786	6215	6703	8734	8661	0	8734	8734	6679	6357	4969
4271	642	0	0	0	4624	0	0	0	0	734
1820	1877	1932	0	73	2751	0	0	2055	1323	2379
>MA0083.2 SRF
426	1017	515	270	477	49	0	1767	1184	2226	590	2048	1452	68	15	608	1353	1299
813	446	285	257	681	2144	2105	66	0	0	120	12	10	0	7	864	504	178
281	331	206	1000	533	0	0	23	73	16	16	51	87	2209	2255	441	230	460
757	483	1271	750	586	84	172	421	1020	35	1551	166	728	0	0	364	190	340
>MA0137.3 STAT1
366	0	0	361	109	1739	163	29	3620	3624	1879
731	52	6	3262	2009	0	0	7	0	5	311
785	0	110	6	0	1637	3466	3426	9	0	725
1747	3577	3513	0	1511	253	0	167	0	0	714
>MA0144.2 STAT3
1936	708	250	1006	840	3692	1574	2532	21620	21620	9311
8571	0	346	19585	7780	0	0	0	0	0	962
3801	0	5850	0	0	11456	20046	18686	0	0	6579
7312	20912	15174	1029	13000	6472	0	402	0	0	4768
>MA0140.2 TAL1::GATA1
1114	206	318	4955	0	0	2049	658	963	1191	1778	1038	1352	1885	1381	110	4659	160
2038	807	0	0	0	4955	63	1331	1214	1127	1130	1237	1142	1033	1237	4822	0	890
967	159	0	0	0	0	55	2214	1244	1520	990	1712	1466	820	1884	23	0	3544
836	3783	4637	0	4955	0	2788	752	1534	1117	1057	968	995	1217	453	0	296	361
>MA0003.2 TFAP2A
1387	2141	727	1517	56	0	0	62	346	3738	460	0	116	451	3146
1630	1060	1506	519	1199	5098	4762	1736	2729	236	0	0	1443	3672	690
851	792	884	985	3712	0	0	85	1715	920	4638	5098	3455	465	168
1230	1105	1981	2077	131	0	336	3215	308	204	0	0	84	510	1094
>MA0106.2 TP53
736	3	963	269	0	73	175	80	810	337	837	0	1013	178	36
0	1191	45	11	0	597	818	919	162	45	0	1226	26	43	6
469	5	29	33	1231	0	47	52	87	790	377	3	12	25	1186
26	32	194	918	0	561	191	180	172	59	17	2	180	985	3
>MA0093.2 USF1
4846	1472	43	16573	188	1605	0	0	14762	0	1821
3764	7448	16799	0	10279	595	0	0	0	13166	9926
7162	2983	0	0	932	14642	0	16842	1375	0	1113
1070	4939	0	269	5443	0	16842	0	705	3676	3982
>MA0095.2 YY1
1126	6975	6741	2506	7171	0	11	13	812	867	899	1332
4583	0	99	1117	0	12	0	0	5637	1681	875	4568
801	181	268	3282	0	0	7160	7158	38	2765	4655	391
661	15	63	266	0	7159	0	0	684	1858	742	880
>MA0103.2 ZEB1
856	0	1197	0	3555	0	0	0	0
1455	2991	333	3170	0	3555	3555	0	0
830	0	431	0	0	0	0	0	3555
414	564	1594	385	0	0	0	3555	0
>MA0591.1 Bach1::Mafk
45	14	15	66	2	0	113	0	1	5	108	0	0	98	12
14	36	41	16	1	0	0	94	0	107	1	1	114	4	42
41	46	54	32	0	107	0	20	4	2	3	113	0	6	38
14	18	4	0	111	7	1	0	109	0	2	0	0	6	22
>MA0592.1 ESRRA
17	18	200	198	0	0	6	0	197	23	70
118	174	2	0	0	0	0	205	1	108	54
11	15	6	10	203	207	22	3	10	44	40
62	1	0	0	5	1	180	0	0	33	44
>MA0593.1 FOXP2
330	340	160	59	766	766	766	0	766	297	332
113	7	0	0	0	0	0	757	0	154	124
190	142	606	0	0	0	0	0	0	293	184
133	277	0	707	0	0	0	9	0	22	126
>MA0594.1 Hoxa9
34	12	38	161	0	101	157	171	5	7	131
53	110	117	3	0	58	6	1	0	154	11
81	5	0	8	0	8	0	0	1	0	0
4	45	17	0	172	5	9	0	166	11	30
>MA0595.1 SREBF1
28	0	0	58	0	6	0	2	58	0
14	0	58	0	51	38	44	45	0	26
16	0	0	0	7	13	0	11	0	7
0	58	0	0	0	1	14	0	0	25
>MA0596.1 SREBF2
24	0	0	10	2	2	0	0	47	2
9	0	3	0	10	9	0	0	0	16
14	0	44	37	27	36	0	47	0	2
0	47	0	0	8	0	47	0	0	27
>MA0597.1 THAP1
18	15	20	7	3	58	47	30	116
93	47	0	182	195	136	17	71	34
27	12	137	0	0	1	77	41	17
61	125	42	10	1	4	58	57	32
>MA0598.1 EHF
703	0	0	0	0	0	0	0
724	1427	0	0	1427	1427	0	707
0	0	0	0	0	0	0	720
0	0	1427	1427	0	0	1427	0
>MA0599.1 KLF5
1429	0	0	3477	0	5051	0	0	0	3915
2023	11900	12008	9569	13611	0	13611	13611	13135	5595
7572	0	0	0	0	5182	0	0	0	0
2587	1711	1603	565	0	3378	0	0	476	4101
>MA0600.1 RFX2
373	62	192	431	34	1	1567	164	581	193	214	2095	2312	0	760	588	406	585	620
141	184	736	317	1936	2162	432	222	0	5	1932	8	0	2294	784	403	831	630	668
1716	317	64	910	121	7	41	94	1765	2146	0	170	28	0	539	1178	733	761	678
116	1783	1354	688	255	176	306	1866	0	2	200	73	6	52	263	177	376	370	380
>MA0113.2 NR3C1
248	70	207	401	0	385	152	234	249	108	0	47	120	0	60
0	0	94	0	465	0	136	71	107	0	0	8	162	407	150
150	370	109	36	0	14	177	81	109	19	465	0	0	0	0
67	25	55	28	0	66	0	79	0	338	0	410	183	58	255
