>MA0036.2	GATA2	max_score:11.9881663081	score_cutoff:0.699571528887
0.358219178082	0.256849315068	0.35502283105	0.2399543379	0.00730593607306	0.00205479452055	0.001	0.0116205479452	0.997	0.001	0.001	0.279121004566	0.0237442922374	0.286757990868
0.129452054795	0.175342465753	0.166438356164	0.119863013699	0.241324200913	0.688356164384	0.0437479452055	0.001	0.001	0.001	0.997	0.001	0.40296803653	0.270547945205
0.172146118721	0.390182648402	0.278538812785	0.0974885844749	0.174657534247	0.208675799087	0.001	0.001	0.001	0.001	0.001	0.001	0.449086757991	0.0511415525114
0.340182648402	0.177625570776	0.2	0.542694063927	0.576712328767	0.100913242009	0.954252054795	0.986379452055	0.001	0.997	0.001	0.718878995434	0.124200913242	0.391552511416
>MA0599.1	KLF5	max_score:12.7441695085	score_cutoff:0.834064484719
0.104988612152	0.001	0.001	0.255199691426	0.001	0.370725810007	0.001	0.001	0.001	0.287347366101
0.148629784733	0.872544265667	0.880463154801	0.702331276174	0.997	0.001	0.997	0.997	0.963098229373	0.410653515539
0.556314745426	0.001	0.001	0.001	0.001	0.380340753802	0.001	0.001	0.001	0.001
0.190066857689	0.125455734333	0.117536845199	0.0414690324003	0.001	0.247933436191	0.001	0.001	0.0349017706267	0.30099911836
>MA0037.2	GATA3	max_score:9.64418393139	score_cutoff:0.895897957793
0.997	0.001	0.997	0.001	0.997	0.997	0.278180639585	0.603544511668
0.001	0.001	0.001	0.001	0.001	0.001	0.001	0.153692307692
0.001	0.997	0.001	0.001	0.001	0.001	0.719819360415	0.24176318064
0.001	0.001	0.001	0.997	0.001	0.001	0.001	0.001
>MA0528.1	ZNF263	max_score:21.8690983625	score_cutoff:0.64368883251
0.155300295372	0.301070429931	0.729037216935	0.0297044305875	0.066360354447	0.913619954053	0.102986544142	0.101870692484	0.532523793896	0.33685592386	0.203216278307	0.433081719724	0.274040039383	0.269510994421	0.521365277322	0.250935346242	0.205373679029	0.544581227437	0.343025927141	0.266951099442	0.47679684936
0.0192320315064	0.001	0.001	0.001	0.114079422383	0.0361667213653	0.0553987528717	0.0936659008861	0.0635379061372	0.101279947489	0.0701673777486	0.0387266163439	0.0406957663275	0.106202822448	0.062356416147	6.56383327863e-05	0.001	0.001	0.0143747948802	0.0426649163111	0.0595339678372
0.727141450607	0.696929570069	0.183734689859	0.906149064654	0.816803413193	0.00282244830981	0.738562520512	0.751624548736	0.361864128651	0.462225139481	0.621660649819	0.441745979652	0.584378076797	0.593501805054	0.313751230719	0.634000656383	0.750413915327	0.38635431572	0.585690843453	0.644502789629	0.403085001641
0.0983262225139	0.001	0.0862280932064	0.0631465047588	0.00275680997703	0.0473908762717	0.103052182475	0.052838857893	0.042074171316	0.0996389891697	0.104955694125	0.0864456842796	0.100886117493	0.0307843780768	0.102527075812	0.114998359042	0.0432124056449	0.0680644568428	0.0569084345258	0.0458811946177	0.0605841811618
>MA0142.1	Pou5f1::Sox2	max_score:14.8986907636	score_cutoff:0.532447430965
0.0461876832845	0.423865300146	0.00804681784931	0.0343316289262	0.0861943024105	0.303140978817	0.150474799123	0.902118334551	0.0124178232286	0.0073046018992	0.0102339181287	0.769230769231	0.651248164464	0.881704628949	0.145481263777
0.620234604106	0.0424597364568	0.0365764447696	0.00876552227904	0.265157048941	0.0131482834186	0.266617969321	0.0219138056976	0.0036523009496	0.0116873630387	0.752192982456	0.0117216117216	0.0499265785609	0.0242468772961	0.0874357090375
0.0483870967742	0.0204978038067	0.0263350402341	0.0577063550037	0.602629656684	0.0211833455077	0.135865595325	0.0175310445581	0.0109569028488	0.90504017531	0.094298245614	0.021978021978	0.23127753304	0.0551065393093	0.152094048494
0.285190615836	0.51317715959	0.929041697147	0.899196493791	0.0460189919649	0.662527392257	0.447041636231	0.0584368151936	0.972972972973	0.0759678597516	0.143274853801	0.19706959707	0.0675477239354	0.0389419544453	0.614988978692
>MA0028.1	ELK1	max_score:9.91143312858	score_cutoff:0.702881193109
0.25	0.357142857143	0.321428571429	0.178571428571	0.0714285714286	0.001	0.0356428571429	0.962357142857	0.74925	0.463821428571
0.25	0.214285714286	0.142857142857	0.678571428571	0.857142857143	0.001	0.001	0.001	0.178392857143	0.001
0.357142857143	0.214285714286	0.357142857143	0.0357142857143	0.0357142857143	0.855428571429	0.962357142857	0.0356428571429	0.001	0.4995
0.142857142857	0.214285714286	0.178571428571	0.107142857143	0.0357142857143	0.142571428571	0.001	0.001	0.0713571428571	0.0356785714286
